519
9105
6237
3558
9028
2593
2502
7668
82
7925
9785
3873
7433
8485
5926
3906
9161
2928
2342
8599
4848
3712
1161
4176
7601
2843
2390
3881
5374
6346
4093
504
4193
8085
7213
2388
7323
3266
3280
35
8370
6819
8158
1945
5550
742
4150
7690
8622
875
8079
5541
9647
2500
121
1599
9176
3663
3630
8110
1090
6317
7480
3108
2851
7495
1840
5086
7090
4058
5007
6274
9039
6105
9038
8741
1509
9667
7905
9035
7427
980
7727
214
9126
5555
8062
4997
8731
9438
4461
398
2012
1080
3361
863
62
9207
2048
7245
714
5107
2825
8130
8109
9142
163
9262
6612
4741
5054
2146
5898
6241
5967
6501
2154
1099
6683
2454
4096
8515
571
5836
8330
5093
7054
1606
5811
7777
6647
1585
2685
4459
5950
7062
9742
6681
8238
1472
741
1475
3784
6519
1330
3430
408
7449
7724
4665
4408
2354
8230
34
9525
1135
6757
8331
1405
3260
5330
9054
2442
7619
6172
8555
1478
3210
6262
503
1749
2187
9882
9652
9751
220
5329
9448
5616
8457
3032
3325
3671
6796
8519
9065
7096
4818
2053
5384
1144
7182
8973
7807
1961
3689
3207
9472
7223
2771
962
7461
400
1439
8627
9449
4795
4553
282
1345
1252
8282
3222
3770
5257
7586
505
2655
9898
1639
9019
2716
19
2748
1966
6564
3513
5472
4305
8252
2775
4191
8958
1492
9965
1819
6336
4452
1936
3395
5164
2896
6538
234
1999
9788
3939
9633
2790
4883
1711
4975
6456
8246
5080
8164
1373
4345
9815
1885
3314
2235
4453
5388
1259
4210
9045
145
1911
3039
1550
6605
9096
7092
5276
1572
1477
2163
7780
9360
8719
897
5804
7174
9724
614
4108
2080
7368
7769
7025
77
8032
5831
5473
7878
849
5402
1271
2947
1583
6440
6949
5026
1422
2780
6081
9398
6251
5282
6218
1225
9020
8475
6940
8442
3675
2298
8809
8024
922
3402
4738
3722
7744
9697
155
7880
6607
71
8390
6722
3520
4118
7365
3741
5368
5982
394
4315
3197
4319
5175
9728
1917
4377
1541
1705
702
8517
7826
6466
7406
3649
6872
67
2819
729
1962
3011
5617
7745
6037
5155
795
5369
6313
9767
7170
8589
3043
9330
5649
2732
8591
1433
589
5186
9003
3999
8346
4272
593
196
4625
5412
6913
7451
8041
5637
4488
3020
8865
2312
7604
6705
8885
3760
2193
2219
7208
1367
3511
3958
9812
5520
5906
8426
8503
3780
8015
5587
6713
8322
1078
4519
8052
7857
9807
3194
6025
7278
577
7328
268
4208
9800
2083
900
735
1650
2277
2820
4613
7154
422
4531
1989
170
6282
3773
846
7719
8699
8576
4133
5243
8235
5842
8890
8344
3220
5694
8588
5005
3955
1794
5470
5821
2196
3535
3643
1038
2365
8443
550
3187
885
8456
2992
1738
2290
8941
8047
9417
3324
1648
5227
6573
350
9967
1880
3681
6482
4557
8634
3585
261
5413
1072
2939
1014
7408
7828
5638
5730
2644
9090
2093
4322
612
1849
8182
3195
222
4164
6341
6960
1443
2759
3897
3306
487
2887
5812
6298
4128
5199
1823
1800
7405
5069
3944
3472
2829
9636
4627
8937
8073
1672
151
6589
18
8650
1404
5534
2830
3052
6229
5144
2316
7043
6225
7733
4013
9204
6052
3831
2944
2711
6072
4230
2800
570
5599
4536
3313
5964
5561
8556
2106
2245
6323
9239
8023
252
8549
2333
6723
5364
559
567
3083
9717
4205
5524
365
9708
4082
4310
6648
6998
7976
572
459
1
2646
3823
3733
9213
6338
7333
3853
7639
8697
891
3409
892
4824
8237
5452
2058
4592
7115
3493
6800
2425
2260
6879
4777
416
5765
3884
8618
2321
9528
6985
4958
5422
5317
2953
4640
184
1968
4443
5055
4622
7965
122
3374
5006
6664
1288
4127
8611
2230
6351
3841
7910
7060
9217
5670
1876
7743
5512
5098
139
5642
2751
2551
5739
5915
6051
1009
6789
3302
14
7335
9447
6727
7432
9352
388
7760
5253
9834
6642
6365
5899
2293
9323
9573
3979
2528
2414
3659
2098
211
7542
7468
8863
3505
9911
8750
3116
9183
5467
2313
5581
9613
4063
1219
3682
826
1846
523
5323
5707
6293
7856
1617
8708
2204
6946
2571
166
7195
2485
9002
4749
3714
4320
565
6014
6794
144
4912
8963
9587
8957
2111
4591
5975
1337
6513
5295
8421
7926
7522
3744
2777
2394
6432
9156
5485
1062
8769
4737
2038
1560
8074
4005
9178
8030
8470
7569
1343
6166
6628
4608
8961
1247
273
2064
9026
9316
7602
7757
1730
3012
8971
8366
8256
1195
9206
5608
8919
1138
2808
3586
1242
9905
5486
8732
4533
5060
8416
3658
7024
4454
5951
9334
1381
6461
8016
4184
2191
8610
9884
4887
7503
1591
1162
9809
7736
7986
649
9723
7252
2374
5858
603
625
4685
8295
8096
6790
4577
858
7945
9926
7418
653
717
1103
1091
7229
6856
5933
2480
4142
7635
9700
6830
1445
8028
9008
5270
7383
2157
300
5435
5393
6748
7599
3588
2547
1426
316
7364
9052
4313
3277
7065
7776
3578
7122
9602
242
7066
8236
7026
3279
9749
771
7811
7658
5106
9839
6809
6276
2949
8629
7470
9041
6244
745
3666
3190
1081
608
7138
3016
9299
9377
7192
5176
1853
3660
2620
8553
8438
9621
4293
5563
5160
2254
994
7123
8480
3023
8412
7246
317
6754
7110
1430
9373
108
666
1505
4197
2122
5247
2909
2852
4349
4678
4362
5346
3610
7666
6275
7034
2670
2435
4434
9312
1671
7994
1975
2102
5207
7314
9914
9073
7150
453
6740
7998
9964
4165
1058
3612
4951
1376
935
5455
1196
8788
744
8452
3
8913
7232
2604
9673
3512
2913
8835
8441
1951
7789
6747
5619
414
6773
100
7832
1956
7683
2628
8813
4183
9047
793
7112
4337
2873
856
1825
1776
1600
1984
337
6875
804
9468
8445
7956
6541
524
7498
6269
7839
8180
1118
8359
8086
4437
2423
6410
493
3051
8695
2138
9982
1334
3925
6026
3319
4999
3526
5862
2322
5687
3093
7114
3604
535
6443
765
7308
5625
3346
8545
4361
7023
5833
9148
881
7596
6078
442
3078
9444
6447
7220
1392
2443
2932
2289
650
2995
8711
1841
6011
7614
3334
984
9309
1133
1851
9501
8113
3259
7813
700
3031
358
3978
3684
4036
9271
1769
4406
8970
7206
874
6311
3268
1759
387
6743
1182
9894
3478
6745
3171
678
969
4826
4477
2216
131
4405
7573
3090
6709
5011
9143
3554
7057
3474
2677
3996
995
7002
6021
7817
7833
9226
7523
9864
4124
2769
3990
1011
5772
6018
3628
2376
8242
4784
2704
1675
4235
554
2350
7106
8219
7990
1894
7370
276
5849
1148
9904
1077
7715
8743
6382
2052
6234
7896
509
8467
5189
5692
4153
6862
564
319
7087
6304
9058
2590
8735
3371
1764
1537
5092
1365
781
1463
3629
2311
8646
7721
6116
5860
5375
8770
8125
9654
8031
9553
6020
8025
2398
2815
7396
6844
5076
5891
6553
4983
7587
6597
2516
9355
9745
4789
8509
3858
9674
6651
3463
1810
449
9030
4894
1096
7307
8626
8716
1684
8138
7558
1164
6448
6468
1892
2686
7751
5914
7759
6535
5628
9006
1019
9765
7358
128
779
1780
6492
2880
1818
9879
296
696
8402
5853
2698
1554
6543
4926
328
3000
1757
1706
5647
2087
6899
1204
1152
6008
6226
8144
8499
3172
8571
3263
6327
6183
4813
1129
250
5241
2654
6539
1407
5668
2096
9870
7121
7580
3125
7270
7395
1150
8738
458
245
6151
7052
5747
1681
239
7373
3002
4177
8714
2499
6863
3070
4573
3719
7860
7113
2489
1348
5839
7685
506
8400
1084
7003
3499
1891
2468
4955
3692
1016
4518
5406
6243
7887
264
5371
9871
9415
2980
5789
8827
7234
864
5180
2042
1438
9496
4375
982
690
6209
3483
3253
3473
9792
7806
5229
2897
98
2432
1594
6049
707
6571
9913
6654
1235
2538
6510
9248
5420
126
4764
8565
1637
2070
2300
6436
2151
2149
7725
8676
8216
9118
7821
7440
1516
8056
9500
8773
5391
6783
8974
6788
2617
2765
3170
1296
271
4132
8306
2747
1002
7111
7425
197
5792
8608
6273
5348
2030
2351
3921
5460
9024
8656
1611
8581
6472
2488
1979
1326
2757
8767
3049
6029
4367
4992
2656
3964
7496
8411
7991
6801
5320
2645
9653
4149
6694
2164
9565
9212
1548
2956
424
1411
3745
3514
259
7959
6413
2857
8453
2104
9917
6608
4673
1113
4862
5751
4383
4641
7536
6296
9631
1172
8070
3004
7628
2525
638
1494
3898
2543
9986
2804
1325
3537
7704
3703
2665
7517
4283
9735
4874
9341
955
623
2473
1305
2332
1356
9237
2286
6408
6939
484
1258
9317
2317
4378
2326
1916
2609
6825
3100
3655
9791
5065
4859
9814
7867
6514
2496
2828
7063
9236
2252
5235
1146
3601
855
9199
4780
5800
8891
8012
3053
2068
4550
4154
9786
7810
9770
9197
7155
8372
125
4451
5998
8830
3762
6918
6129
9246
7622
3215
5832
2079
8373
4273
3184
5419
7846
5585
6397
3387
5924
5881
5372
889
3693
9185
7561
3130
2865
815
3606
164
7381
8262
9857
6881
5840
3254
8069
861
5310
2963
202
4303
2099
525
6402
2005
6375
6898
1953
9315
208
8414
9838
8946
9158
3003
37
5258
483
6289
6005
8990
2373
4572
3494
7460
5526
4483
5551
6012
2194
2359
4129
2370
2864
802
7869
9160
2511
4147
5620
1635
4089
957
9388
2965
5245
5429
3073
9055
7702
2941
778
136
2507
7413
3997
255
9622
2128
7015
1831
7646
426
7594
3323
7559
9852
5318
3198
7483
1229
6067
1882
5674
5196
3075
3204
663
2818
2214
1170
1529
2299
2836
7431
1027
3489
4974
427
4532
1141
294
2288
7513
4487
3854
2279
6637
9193
7677
8264
4667
8667
2167
1630
3142
1659
646
8311
7818
934
9276
534
5361
3828
8893
2905
5916
2209
2465
6870
9392
3064
5291
7337
4705
132
4081
9934
6088
3613
3983
3582
5053
9676
3335
1193
6588
2672
354
3145
5941
8019
8909
573
5613
5691
4274
685
425
3565
7265
5564
3804
9173
2580
1909
8842
8580
74
3596
6577
4658
5940
3226
725
4558
8448
1088
8288
2389
5660
313
5448
945
4297
3599
3994
5590
2097
9340
1619
8136
8223
7290
4262
5755
5702
1608
8532
5395
6534
3618
8617
6362
4714
4369
1631
3018
2973
8308
3931
8921
7808
3227
8706
6812
6184
5405
2381
4050
3911
7784
7739
9634
9535
470
1843
9486
3149
1643
4861
9016
6988
7298
6610
8669
2292
9548
5805
7578
9170
8409
2314
2848
908
907
6057
8095
8994
2924
7966
7982
2236
8493
9066
4751
7565
2426
6423
5890
9475
9480
4902
6299
7610
4407
8225
9650
7164
3503
8319
4307
7684
5481
8573
4432
6925
6297
8558
2921
5885
4946
4501
8305
3246
7507
5255
8444
2682
3949
8879
5017
5963
9784
4929
2156
3228
538
203
615
2270
6099
5582
698
605
7888
8367
117
3785
2159
5445
2903
6373
2003
6126
1597
4125
648
9138
8547
5922
585
5793
8369
3320
7471
4198
6764
6574
6350
1593
6808
6528
3126
9442
69
3457
6013
6967
9790
8428
3617
4556
8905
9754
5589
227
4021
6724
1957
8202
6961
3276
4004
1626
7788
9643
9184
6556
4804
7669
5704
3275
5686
3776
1064
5272
3864
4626
9575
4119
5584
3157
5031
5909
9247
3769
4311
9295
7530
7372
5870
8006
1552
9692
5432
9279
8989
3099
6787
1881
2512
2331
3151
4056
991
8268
4071
8263
8046
9029
1157
9287
1774
2363
4694
6087
7152
8514
8034
1481
9847
256
4354
6729
4083
5571
1354
6314
5015
2155
7598
7837
8631
9912
6852
4020
193
2764
9829
4612
9260
8868
7237
2767
7354
27
2575
944
954
655
2948
1434
5635
2327
6721
9922
1901
1656
3677
1772
2125
101
4743
191
9506
8757
3300
9240
7814
6917
4562
1931
2721
4357
6771
2986
6821
6070
4439
4878
5398
2560
587
6197
8118
1736
344
1212
853
7671
9488
3061
2726
2184
9291
7589
2421
1126
8894
7175
5326
5632
4456
2770
9639
8018
5103
5082
5822
5064
2935
6560
6686
9387
2922
9106
1651
6970
2392
4156
380
5725
8325
3805
7006
4145
7476
7919
1822
6601
6691
9503
4758
40
2890
4654
9608
7950
8740
4723
7184
9725
3406
4158
9462
1281
852
6216
9297
159
4525
5427
4589
2437
6159
8987
9929
1416
9813
3811
5777
2725
3068
5634
9445
4448
5096
4180
7698
8014
3448
9668
516
7238
7009
3079
6655
8710
3847
4490
8193
2904
6986
5332
3959
137
3981
5991
1620
1223
7224
5661
397
1906
7189
6957
5289
2034
1942
8751
1073
5868
3009
2541
7852
6864
693
5598
8115
8645
1582
1053
8354
9129
8933
2228
3495
5354
602
1105
1995
5378
2241
3461
4916
406
9950
4885
2914
6488
8463
791
9274
7450
7597
5808
6842
1580
3799
1750
618
6867
3243
3850
6204
5221
7283
3067
528
2066
8120
334
8022
5152
8303
3112
9743
6836
3549
8231
9459
6295
1425
4971
9698
1814
9637
7750
4039
8685
60
1721
7074
7800
4017
833
7181
2095
5109
8527
6598
5101
7379
2607
63
7514
6542
5752
302
6650
4895
2534
6080
315
4243
8406
2319
9471
2911
7946
6877
2812
5355
9043
4059
9485
5928
2450
830
7825
5336
9949
6016
4858
7131
6931
4728
5606
2325
3651
1754
5959
7538
2222
5698
7266
2280
7955
5469
3851
6059
9504
9589
468
7130
5153
868
2211
5976
7534
8758
9574
2120
5454
8299
6163
9326
5232
7526
8351
7473
6130
4199
6178
3410
6134
8644
5948
1912
3566
8146
30
9705
2729
8371
721
5851
9826
1691
840
2420
3788
681
342
7244
3206
9555
9181
2545
4364
6498
6912
8255
5441
9880
9682
4944
2190
8896
6407
1615
1496
9579
298
6774
3113
9603
6824
2273
6742
1601
8500
3777
6976
9795
4254
6536
4195
3625
5440
3369
6554
6730
6702
1218
7180
5033
1302
3106
6982
2788
9269
1555
3071
6066
4219
1070
5673
6156
1646
2165
7543
2422
3342
6324
5631
8201
9818
3756
9146
7493
5494
7576
5711
6951
9023
1809
851
5008
5048
3727
472
6807
1168
2124
5191
2152
5884
95
1476
5791
6661
2569
2380
8335
1382
1328
628
3460
7588
9591
4542
7605
3001
9915
2910
2559
9048
3329
8240
2141
2112
9946
1421
1379
402
818
8375
9149
8839
9687
7472
8684
4852
8696
9881
4900
8814
8585
5773
9569
1388
4642
2348
8907
4987
1633
9436
9867
6063
7754
421
9232
2674
291
3623
9739
1657
1311
2458
3646
9162
5667
4033
7485
7644
8009
6221
2900
9220
6971
7211
8536
9130
3852
9427
2109
6948
4914
1020
7691
1460
3328
3121
8559
4600
8776
7641
7262
6649
6422
6354
775
5937
2784
6741
1387
6358
501
4800
4323
7186
2174
8205
912
3593
8855
4014
2522
8471
6483
5359
9712
4242
4218
6123
3470
7102
2997
9208
7509
9405
8141
4875
6922
1280
3882
7708
9780
9925
1952
5480
419
656
3040
1954
7961
8564
438
8729
1282
8944
8693
7732
9978
8089
7735
7504
1575
48
3645
7804
8848
5489
7342
1372
389
4318
581
1642
3428
7070
3922
3672
2091
7546
4941
9778
2446
1071
2013
859
4247
4229
9120
1542
6190
5141
8008
7747
5514
4650
4221
5973
31
6911
767
6393
8713
6343
948
5351
3914
1456
7403
1745
9411
1803
7585
486
4823
3808
4329
3567
9876
6582
3940
5288
8698
8455
3889
6755
5611
9433
1480
4120
4755
4701
7162
1847
1015
627
594
1969
6303
2371
9157
39
8818
2035
8403
2755
6267
4052
1046
9896
1926
1934
2315
2183
2929
6606
4746
7528
9061
9234
1254
1915
1627
9833
2015
8013
4286
5843
7728
1618
2411
1246
6622
3616
7787
357
2970
1479
6861
3080
8870
4415
3986
4512
975
3576
3231
3720
4538
7355
3734
6457
4016
3096
4763
8662
3908
141
9069
4623
4423
9611
803
6968
4067
2687
9845
5380
4930
333
3821
9947
1097
5748
4734
9713
93
8700
4162
5880
5575
9456
9033
8671
9487
5083
526
5357
7127
1320
8410
9519
2032
3267
4300
6999
78
9710
4832
6797
1253
7822
751
3807
3868
8153
9115
8568
9581
6322
4486
3845
2457
447
1255
3902
9288
7692
7840
8207
3359
9516
258
1231
9230
7230
9100
5871
4759
2616
2943
8964
5385
1743
3702
2899
5760
4624
1173
902
2123
4396
6015
5769
1003
7465
5863
4258
285
7620
5559
4908
1490
5685
8389
1273
6379
7997
3602
3248
7376
596
1607
9868
6340
8572
6894
737
9171
4645
8746
6445
7510
4217
464
3627
467
5835
812
8250
9703
3738
3337
3608
5019
4680
3998
1923
927
8980
3041
8340
9897
8675
2404
8157
8661
757
6434
1976
7325
5088
9264
7657
7415
5857
4977
5312
5399
2821
4713
3938
5437
1577
5912
9059
3299
8613
3438
7525
5758
6935
8917
2202
3203
3700
6906
4817
5790
6887
6055
915
746
3464
1268
2946
9134
877
1033
8112
8171
8779
7984
4869
5816
553
4476
5855
9499
5577
190
6580
2199
8642
2409
978
6815
5493
4543
4366
2449
1790
4427
5859
2186
8221
5131
8567
7434
2736
1970
1205
3515
1678
9798
5502
8291
5495
3273
1250
5027
1576
5299
5663
6463
9561
194
5077
3754
5389
9479
260
1207
9863
9831
8048
1679
6418
265
2688
340
2615
2632
3952
932
4444
5721
933
4389
5923
3058
9744
2077
1111
5158
4359
8792
6292
6315
2568
8501
9418
8859
3345
8075
4510
7920
8267
4091
47
6845
4100
29
3517
9618
7179
823
2592
9229
2540
6584
2893
5640
6165
5784
9302
2431
8450
1530
7989
3261
6557
7883
1449
2565
3476
2885
4277
9928
1391
7820
9084
249
9885
1409
6316
727
2872
9416
3729
6916
409
9677
3667
8065
6477
3042
4373
9452
2648
1781
3573
5228
4113
8900
5895
3127
7225
2640
1377
5491
5897
7785
7374
977
4245
8119
1286
5574
6056
2713
2210
6562
3810
6953
1266
4301
5316
2474
150
6257
8660
7324
2883
8374
218
4854
7912
326
9827
547
679
3379
2792
4943
6412
2266
7849
2895
1664
6997
3668
8432
9203
1227
1313
7398
1335
6843
4420
7985
5887
5231
6420
5879
3976
198
5479
8647
2793
176
8057
2938
4485
5540
3063
1216
2724
6211
7862
1005
8991
9840
5993
8949
3879
8772
4886
7156
8241
5771
7363
4785
943
5681
7217
6882
3292
6142
9764
4561
6849
6400
3303
8259
9921
5264
1237
9848
5301
2856
1973
8908
9693
3896
4868
2570
9403
2988
336
9943
2069
5490
7158
7284
8996
3592
8227
5250
9960
4326
8638
8860
7782
4522
5105
9294
986
7173
1758
6490
2902
4053
4431
5815
5875
8754
1524
2275
2301
9890
8477
9842
7680
5353
5248
9709
5261
4363
7489
9494
5475
3867
7214
4996
869
967
3141
5905
9598
7518
5177
4333
5960
2448
1720
824
8415
8579
1863
3916
1742
3696
6811
1375
1549
9635
1959
9465
4621
348
7
6769
9707
574
7527
2497
4897
174
3258
111
5165
1450
4037
8787
8059
2591
2131
3778
5795
2867
3174
3699
5039
460
3069
5754
1792
6169
4970
983
4072
9939
2561
2050
2746
7318
7045
8845
1052
9219
138
6504
3984
5801
8510
8494
6697
230
9513
2766
5814
5873
9977
3429
7699
8531
3436
287
8745
3479
6583
2410
7027
4450
4696
2625
3120
8583
272
5735
4712
9963
6860
3859
4708
5094
8160
3037
4653
5883
5798
9616
6387
1658
6802
1756
6711
1459
8951
5471
461
3176
9368
6238
4787
4798
9955
8801
4579
9476
6403
6840
5817
2086
590
3161
3437
5075
3241
7474
2168
1214
3435
7231
4637
6903
5921
5058
7008
4729
5929
7204
5356
8228
6191
5750
1336
2847
2242
2296
3716
6429
376
9152
6224
6261
3848
6286
4499
7954
2773
4175
5672
4398
7412
4484
2610
4805
8598
9112
9716
6696
6396
8771
232
5099
8594
494
7625
8377
9944
5935
7194
3694
1275
4726
3830
1958
5430
7712
5121
9794
3115
1386
1140
3446
6113
4993
7187
601
4646
7651
1028
7718
8803
3086
4871
841
3055
8831
4343
9231
6467
7921
3546
626
7815
5705
9362
5135
3507
8492
3865
9671
5603
8753
1762
5677
4820
533
8150
2136
1879
515
6019
2619
5010
5774
2520
7786
2029
2779
1031
1598
2375
6569
9025
5597
2407
3363
9273
5307
5623
3082
4724
8337
8017
1614
7710
6665
2016
1201
2060
9971
2461
8177
9630
1625
4639
1786
2505
65
4161
4003
4044
1414
5212
3281
1501
9878
4332
4006
4244
9753
6943
3394
1893
2510
5690
4428
8108
6360
4670
3832
783
3936
2811
2871
5985
6279
3747
847
2041
8983
3205
7882
485
4185
6635
8807
7755
115
8045
3311
6376
3456
3390
6901
2689
1359
7272
6505
9987
4683
8104
731
6834
412
7742
7729
3350
3838
9936
1647
4659
6217
588
890
3370
5314
4700
4348
5085
8364
7655
4719
4515
561
5622
9531
1186
8284
206
6579
2047
5119
3262
7101
5302
2114
1483
7050
4560
5215
1815
5306
9188
7375
6759
6672
2855
1143
6767
2692
7360
2831
6942
8131
2931
5646
7466
4679
8516
8849
4616
8465
349
2197
5665
5650
3857
8966
5523
541
8730
66
7202
6120
7453
3232
4200
4393
8768
2801
9389
6283
7301
2546
3594
871
3485
1256
6979
488
1159
5322
7884
5451
381
7139
5072
3452
6954
2107
3600
7907
2171
6264
4834
3718
6458
5573
3748
9648
1199
7081
4076
2802
9777
8151
8145
6222
3874
4702
7649
2483
8541
3244
2459
1897
9554
2056
6131
1380
9369
8784
9923
17
5556
221
2964
5612
4214
2195
5508
3791
8616
8387
1660
1782
8914
6272
6110
1636
8226
6160
6233
3765
5095
5281
6331
6144
8077
1820
143
7300
3193
36
641
8388
8525
4651
7519
6487
3510
5210
5197
5383
2979
1464
9307
6525
6320
80
3117
4257
9313
1948
8692
1930
883
2238
24
6189
5776
5379
9658
8947
9384
7933
8185
2671
8338
5260
8873
9957
1188
6933
6024
5285
703
8752
7320
2652
7731
7865
8593
6746
3834
5787
6765
201
3644
5830
9344
2643
3910
305
7631
407
8643
3484
6923
9758
9431
7148
5089
6884
4972
278
3123
4220
2537
882
9261
9505
6586
6896
8720
3521
9446
6460
9397
9975
2126
2982
3400
1967
5016
1826
5438
2491
1436
1249
2074
7957
4686
2215
2962
966
9973
5994
2158
9292
4048
3759
161
9900
2578
2994
9282
2977
1801
1166
3555
266
378
5108
8995
3066
5136
1666
760
8837
147
7399
2303
5874
4666
8548
7664
6470
1428
4066
683
4675
6576
606
6609
1344
8116
8196
4586
311
6972
2631
2629
5544
2113
9996
6718
8496
1056
6290
2357
1175
457
3735
2524
2180
3179
2402
7539
7014
2403
2172
3415
3797
1927
6064
2433
7274
6969
843
7071
2981
3564
2577
172
7259
7560
2888
6640
3685
5570
417
1309
6600
4094
1535
8590
8111
3242
809
5308
6613
3605
6465
8506
7241
4141
6428
8307
89
544
5425
4827
7716
2039
4103
6121
9205
4224
2744
2021
2466
5553
2854
1947
8820
4009
2415
2441
1709
4270
5981
4465
520
8401
9378
6258
7407
511
6657
4294
4507
5269
3904
6493
6200
5504
2463
2225
6135
3414
3726
3488
3373
2720
2094
6645
3822
7616
9078
2624
8728
7621
9051
661
2188
5057
1361
3440
7490
3640
4472
3233
433
178
7533
1319
8190
1761
1874
1221
8462
4907
1839
699
9351
431
1226
8265
1021
3825
9577
5233
5952
3815
9354
4112
5315
1120
722
6889
2533
2608
7918
4554
6162
4493
5854
6321
6900
2352
2206
152
3806
3893
8858
8279
1565
8097
4952
8021
5211
1865
1390
2046
2699
5343
6028
2062
2020
4028
4442
8429
8249
2846
8163
3411
2824
254
1035
5676
8186
7676
8323
2749
9688
4547
8925
5206
1986
3140
9541
3697
2220
3824
5159
5813
6203
7089
9311
84
9684
8521
3180
3432
1992
835
9515
4775
471
4649
4062
8537
5328
1744
6568
8648
7748
1499
3420
7836
6720
4126
4182
4435
5780
1734
7829
4706
209
4010
8782
7137
773
8055
3892
3905
5939
9174
1107
7949
7005
3932
9336
123
8633
1713
8004
7593
4084
2742
5292
1677
257
9789
2218
3509
9600
2133
1374
5213
4379
4593
1082
2741
4069
9954
7915
2337
9976
2834
9690
8592
9665
8624
310
7591
3519
8007
974
6558
4753
8687
5507
9640
8737
9300
1729
8999
816
4604
445
3156
644
5018
8188
5036
9111
3541
6907
4819
5087
6431
7393
4417
4264
880
9314
7792
5641
5202
3465
6886
5168
595
6181
9605
5309
8777
674
8446
1228
4018
3443
5251
2705
253
3772
5122
599
3471
4559
1446
1060
4792
1983
8423
6983
4196
1590
4330
90
6978
1437
3178
9984
2518
4328
7430
5200
8861
9799
8606
7767
481
8857
3787
6411
2542
5409
1900
1824
8654
1746
6074
4783
857
1329
1532
2018
2391
4546
8526
8320
8508
2439
6814
7960
740
4957
6632
9163
8317
9092
9997
854
1977
9941
9887
9711
4445
6334
2954
5298
1910
4733
8152
9774
7191
1110
2139
7968
3317
1592
1943
7612
6174
3522
1622
3907
2940
2879
5588
1693
3687
1974
8930
2762
6239
1862
9601
4872
6381
3097
6531
1837
8742
7627
96
4681
3062
4419
6085
3927
4896
3310
6353
7497
761
369
1816
1051
492
4602
6364
3607
2934
3723
3782
6277
8297
4202
5488
97
3774
9194
3991
2323
9980
434
6630
4122
7018
7017
5697
3962
7268
772
3755
4582
6061
216
876
4440
9638
7868
5028
7737
8686
5090
7600
3590
7922
3235
9779
732
7467
2160
3553
9434
4630
2251
8993
7630
3234
4101
8597
7952
9874
5505
4736
8209
4765
8906
7552
1812
3148
8261
9514
8135
102
5070
7618
5872
9559
8049
6045
1562
8026
3191
7088
1264
7215
5431
6173
9558
7717
7894
5529
3562
5268
8866
5421
3426
8278
4190
8334
4932
1399
8101
6602
9308
6850
7306
1333
379
4793
9804
7253
4540
9251
2000
6474
4151
4414
7563
3166
3307
2535
6097
6038
5390
8064
3154
9145
9883
2484
1010
9380
6416
1715
5516
1981
2049
3353
7993
9359
4888
5444
5465
6075
580
9746
1044
2338
9757
7941
8596
5957
361
2022
7682
8605
8725
7012
5844
5081
7626
8829
2368
1829
6959
7746
918
5733
6444
9732
6398
5978
7572
1905
5040
4135
1704
8840
8705
6992
3454
6
3340
9347
5513
8943
8103
5274
5349
6826
4960
6245
99
931
8793
709
7654
1641
9140
3917
583
2078
5114
9018
947
9903
7845
782
3647
6904
7665
217
3236
1261
8203
6453
4211
9802
825
7435
3708
6823
7199
4228
5591
1883
2509
106
2529
6902
6977
5947
5223
739
8864
4078
7893
6101
88
8270
949
9040
5066
3849
8332
1978
4216
9017
6776
6010
7521
2231
2462
5157
2360
8239
9916
5024
353
8739
8976
2110
2791
1644
548
4578
7871
4449
2356
1312
5275
5970
5786
9948
6325
8224
5636
7019
9824
2250
8691
61
4794
7327
7075
3466
6885
6427
4994
3131
1566
6779
763
9071
2261
6660
3091
2984
135
9098
5500
4584
2799
3362
7844
7763
7310
8534
1461
5626
8460
9597
2730
283
669
9042
5407
2147
7369
1595
3875
187
3730
7872
4002
6565
8817
9482
1012
3408
2598
1513
183
1773
4537
8206
1045
2175
4241
1041
8931
2783
5740
3173
996
9198
4496
7267
9571
6170
4168
4876
9731
5218
5511
6785
3265
5198
5743
142
4065
303
716
405
4288
4269
4529
3942
9540
7188
9615
4839
6752
3587
1511
8715
7551
6329
2700
1493
8940
1719
9296
946
5841
7332
3481
1763
8690
2796
1922
839
5377
9835
7459
1203
1307
9564
8875
3271
9009
1165
4576
1987
950
8816
850
3966
6089
2886
3636
5042
9385
8882
9853
4421
8717
4095
1116
3886
4223
28
7309
347
9458
1106
8910
2471
7653
8607
3543
1355
9435
924
8649
1802
2025
3929
8309
7305
7752
2776
2602
7295
5807
635
8562
3965
1996
5783
6865
7042
8689
9620
4480
9651
4259
5759
4636
8419
9032
917
1519
6371
3164
8343
4281
4194
165
1670
7738
2162
7084
8310
7331
845
225
3705
4867
9277
1040
2987
764
9004
391
6714
2127
8215
7566
6344
9969
5280
8060
7697
8934
7033
5296
2916
6991
1149
1500
9165
8183
160
9473
309
2908
9551
1785
5989
4845
6726
1534
3427
976
9453
59
2221
9455
6102
6952
7004
2803
6326
3631
6511
8474
7722
6450
6652
5396
9730
10000
3497
4910
682
4051
5063
3036
8867
1453
1836
6231
1918
4131
5531
6749
8673
9661
2508
2752
609
4117
3816
1610
4756
632
6659
7349
6688
5894
5554
4995
7076
7962
2763
7903
664
9147
3695
9166
7637
4725
5788
1735
1063
6578
6633
4864
3819
7133
6255
7378
8543
6687
9
4436
9762
7906
6252
2223
512
1278
4474
8681
6462
1017
3293
9683
1004
790
5969
1695
2103
3839
4959
1797
2308
4797
1919
1877
3923
7730
6909
8105
3105
3709
3477
2057
3404
1181
7545
9974
8722
8162
4969
5506
3289
921
4372
7723
5669
5032
3088
4204
4070
7779
6941
4399
9533
6180
5418
8336
2950
4865
5882
8774
3054
7256
4906
1137
8533
7095
3315
6219
7312
5653
301
9566
3199
4491
1662
5246
5146
8518
8507
5666
8781
5720
7178
4123
5009
2715
7157
916
1588
4631
1680
5271
7688
7797
3903
8502
4470
6284
1369
9851
1245
8061
3524
9037
668
1358
6157
992
7650
1777
124
787
2667
8286
6280
8853
9521
6158
5163
5401
8133
3458
9629
2395
8042
2696
6395
2416
7321
774
1579
8001
3182
9191
1352
3866
6439
789
3237
5187
9642
297
1314
3181
3155
1817
4152
1850
2669
4709
2531
8000
3388
4985
8123
1697
1057
6676
9793
6914
3528
3028
4215
2833
480
5818
1538
4635
8927
9117
9582
8764
4893
5785
1997
5654
8333
6394
4881
4963
7673
8140
8632
7077
5510
110
552
1429
2760
4422
2554
15
6795
8127
4801
6435
1587
7714
788
3110
9135
5693
5861
1049
920
2850
9331
6115
3656
9013
6031
7190
9301
3486
910
3352
6548
1279
6092
1217
4140
2274
9699
7361
7443
4471
6442
4851
3022
5719
7988
5367
1316
9141
4376
9216
9412
5572
4385
4365
8296
1834
8106
279
8942
3449
8010
8704
4233
8854
9511
873
9556
8435
2428
289
9761
2845
1272
7243
3025
3147
1811
7385
1368
3614
2257
20
4690
5468
3536
9328
2227
3074
9958
2346
2328
8461
3150
7347
6294
2618
4455
8378
2515
2201
8998
6715
2121
1652
105
2952
9014
4628
9865
2440
7502
2630
5979
1755
175
4610
9886
6212
1896
965
6500
8802
4829
6995
4316
9228
6975
8923
7099
1174
9594
3059
9860
9985
7584
1308
1661
5352
4416
9567
4144
6641
3230
7647
5903
22
6777
5428
3245
3098
9942
41
1269
1274
1251
2173
5436
558
9562
1098
5376
9346
6007
8328
9893
3717
4106
7299
8350
6307
1518
7339
8424
1902
4181
6559
8036
4325
710
9321
3013
9050
3888
1491
9088
2642
2384
3285
2481
6253
1451
6342
7809
7086
6758
6781
5986
352
6956
2978
5173
592
1935
9755
4087
8098
5539
4633
2071
1339
7420
4781
8385
4368
560
5715
9972
8214
5710
9109
8430
7036
500
2343
4356
6046
9077
9467
9927
7827
3175
6965
1285
676
3274
6421
2456
4057
6804
2781
7196
2557
6958
5156
9930
87
299
3045
343
1717
4458
2150
5382
1965
8759
4534
6082
5908
3626
204
6023
7983
1257
8132
5457
4046
4860
2976
2823
8071
3915
4855
1616
7632
7120
7623
3637
3768
229
4232
7248
8968
5003
7689
6036
642
8218
6438
9349
4025
9570
2991
8245
5856
9538
3611
7438
2623
8468
6186
4029
4170
3732
7030
6164
951
7876
8727
6791
8195
2364
2004
200
1350
4023
5340
6614
5744
8724
3103
5224
2567
8093
3798
1366
5304
7209
6385
5683
6806
1318
2135
1171
6499
5945
8736
4915
3556
7286
5263
9413
9474
4956
4460
4280
9483
1363
7038
2840
6646
3391
4114
913
903
9727
2178
3143
5334
5695
1872
7160
7146
2469
1540
568
9454
2353
1634
6712
4790
8181
7288
8392
1192
4809
4031
4347
5700
7452
4381
6305
7129
6208
1047
3035
5487
7311
6108
5414
6989
677
2536
9428
5548
829
5829
7367
6639
6980
6040
5496
828
7482
2501
9859
8232
9507
355
3122
3491
5461
5900
8251
9215
7419
3736
1861
5918
8683
2208
1119
9563
904
4090
5645
8275
4574
33
4350
5775
7040
5680
3072
7506
8535
5283
8512
4237
9837
811
6599
8149
8744
2438
2787
7535
4026
7875
2349
3752
620
7392
8546
7791
3392
7675
6062
7909
6734
562
2707
2945
2129
6663
6732
7987
5446
3920
5867
54
5630
8342
2269
2651
7603
8615
3048
1543
9244
8965
7357
5129
6847
2754
6518
5846
3961
9680
3992
4291
1796
7448
454
6936
4433
2636
9012
6039
8897
7850
8258
604
9432
3635
4807
4899
356
7831
814
9877
5201
5737
9318
6291
1220
3492
7770
1089
7885
8511
2267
2294
4222
9167
3688
2239
8489
6119
2993
8609
7172
6372
7645
5946
213
3377
2397
6138
4948
4394
6254
3288
4949
1949
7790
8778
8815
3975
1732
3024
4045
2385
6507
4160
1804
1504
7556
4965
7394
5533
3664
290
9400
3401
7999
2634
4988
107
2589
5234
8657
6047
1653
713
5417
647
440
3583
6141
4564
4391
7235
4814
1889
6530
1156
3863
971
4042
8053
4954
4766
5204
8748
83
8040
5068
8665
9546
9382
9478
9223
7629
9772
1525
7557
7771
2477
9358
8586
6690
8290
8612
4509
1000
3380
4475
8220
6177
171
624
7854
9324
1332
6048
8272
7085
308
7768
2355
8679
3417
8952
6973
5716
5363
6266
2207
443
3343
9376
3711
6187
3968
7198
3450
3698
1869
8383
7193
341
9583
9931
3287
7841
1293
6455
4479
2814
3159
238
7377
86
5566
6370
6644
9364
1527
2734
8044
9179
831
9275
9128
5731
9139
1104
1586
3963
6689
6359
5810
5738
7700
6616
5091
9803
5249
1222
9952
8762
9706
4172
1701
784
1765
5171
4085
162
691
3168
6060
5362
4159
1795
8213
6930
4731
127
8838
3332
8301
8312
1903
3842
8723
6098
8360
2283
6228
6337
9646
521
244
2361
5104
345
7488
1341
9536
1215
3597
4754
7322
2866
7404
9932
498
4088
1512
1167
5919
5034
8852
5423
9895
6494
9401
2166
5203
1238
2036
9192
2679
1899
4019
7296
9740
6868
1563
9095
3974
2601
5345
3272
9394
2599
8895
5931
4923
4482
5410
1210
7067
189
7765
8797
9209
2101
8005
2960
5012
5547
367
5
1673
3523
1485
2310
2681
3375
1982
4134
2387
207
2639
5828
1832
6567
8847
5913
5046
987
2714
6246
6618
5062
8561
8148
9679
7740
4924
4619
2017
6399
8761
1068
413
1725
8747
4041
5459
7659
3405
2213
5059
2305
6309
9182
9607
1842
3652
6044
1127
6993
1233
941
6377
2657
8154
288
9457
1567
6032
2738
153
1191
4506
8276
7424
177
8833
1123
2519
2550
4227
3876
2379
9075
5056
4261
9502
1115
5972
9144
9854
8637
9031
1154
3255
5360
6857
2045
5629
6349
2372
9909
7035
5116
3624
3286
6545
7200
705
3188
6883
9715
4012
9131
6150
6932
8204
6077
6955
6537
6866
1034
5498
2100
5014
3092
4721
1539
6009
4143
7886
2595
9119
1075
2723
9189
4481
5078
4338
4772
9539
6194
8398
9333
752
5219
1568
7410
8384
7838
926
5192
6832
9510
236
6366
6202
7574
3138
6195
3364
990
770
7992
5115
1624
8189
5386
9970
8420
1830
6627
4466
5509
938
507
8733
8396
5722
359
8672
8391
2587
5038
2663
8881
325
4603
1401
5265
9919
6384
9233
9768
3441
1696
3389
4693
3057
360
7279
1714
5403
1488
9771
4077
8587
3290
8600
2605
9057
5132
2212
5293
4395
8434
4528
6716
7934
4074
4
6532
5825
6201
6433
4922
4188
7749
636
6265
4015
9994
510
9464
235
3104
1737
185
7351
8915
8313
6623
6149
4225
3753
7663
8639
5456
5503
3574
7055
4201
9391
6520
5284
2894
4669
3728
9560
1349
188
1821
5350
4032
820
4770
9484
2503
7583
3169
6708
5664
9072
1322
5110
4148
4252
1833
652
1726
9906
4816
7709
5519
9572
9266
999
6268
4732
5266
1486
7793
1775
3641
5151
821
6848
6679
3109
6521
2011
8243
736
1048
7874
1018
4760
6818
5732
7652
6516
7824
6544
1605
2558
4913
5878
3407
3571
3525
9549
1292
2413
149
7595
9825
1294
8922
2137
718
5138
1427
4284
5209
766
4110
8174
9641
2731
1640
9843
536
8433
8324
7426
9381
3701
4107
5995
9325
3761
8234
2917
6223
9060
7855
1808
1838
8520
5746
3403
4889
9787
5501
2572
9609
2967
6073
6496
2813
6739
295
9250
4207
3218
8316
1828
1001
3829
3957
3781
6550
1878
3654
6437
5756
9907
7511
4831
2506
5188
3557
5193
9776
8283
2810
1263
53
2143
4606
6426
5893
9320
981
9498
9093
4000
2344
7564
7720
3368
6330
2827
3982
7239
4877
6352
8969
9053
3534
5688
9624
3678
4055
5397
9290
6301
2874
372
9801
6829
7801
7913
479
2798
4312
4698
9920
9526
6390
9891
4418
8505
9283
6058
768
9899
6125
6389
9830
1686
1265
1232
8464
7316
1544
5478
6378
4697
6891
8192
5911
1536
5593
2024
4397
4870
5586
6136
9694
4498
4331
9164
4811
9450
4035
5525
1767
7313
366
8142
243
600
643
9953
5143
4962
4745
8550
9423
6091
6873
1925
6839
1036
7226
4022
7638
1507
9319
7104
8920
1740
7863
7275
7126
9738
1108
629
8191
1629
1875
4285
4571
3542
810
6095
4752
5482
262
2839
1050
5286
7326
911
4256
5333
2115
557
5988
7734
2284
393
5706
2040
7037
2786
3516
6625
4064
6555
9819
6452
482
7917
1394
7384
8100
6127
9820
7617
428
6671
2627
2809
8147
704
181
6335
4298
3860
2264
2647
130
8466
2930
7753
7080
5889
8538
1276
1799
2027
4292
3015
6798
4358
2119
7134
5022
5932
5727
2297
5656
7291
5949
1768
4203
1827
6133
5726
3679
9252
9962
3767
4169
929
7445
2837
7457
58
2072
1914
9425
7687
5050
351
7079
3550
4092
2573
3297
3912
9086
6069
3238
5797
1327
4271
2735
7726
3935
4192
9429
4115
9000
9339
2444
8481
9172
1623
6772
4508
3545
1570
8254
4309
5757
5344
3144
8939
3124
6566
3766
7439
2059
5809
1921
5313
6107
8212
7007
1277
2772
4001
9200
7937
4979
3192
3316
7097
9844
1145
4873
8862
6508
2478
7254
4167
786
8352
2153
8911
3469
8347
1139
399
3739
4812
8353
7315
7422
6738
6869
2345
103
719
1197
2258
5434
8302
1632
1886
2658
4568
6404
8407
320
1497
1444
1498
8137
7877
1688
6383
6876
8293
5190
5662
7044
374
3060
979
8035
5259
1262
2498
701
7039
3988
5992
5701
4704
4904
4791
9993
9375
5453
490
9338
776
8178
154
9210
5463
2838
5321
3050
6207
724
8780
6775
4429
5324
1581
8843
6054
4209
1685
5968
7971
2008
4643
5578
4334
6213
4467
4605
284
2253
884
364
2265
7205
9402
3653
7529
6118
5341
5936
6188
7500
5852
8469
3725
3084
5966
371
6921
1955
5449
8721
4409
1297
1932
1845
9850
1202
9657
4857
3496
1184
7549
7061
7142
7541
2727
4517
2144
5987
9937
120
9495
6215
2966
8659
9580
2676
9265
2434
9901
7859
8107
3008
6281
7866
8734
418
1102
4548
1054
3621
4495
6585
7805
8878
686
57
7803
8899
323
8143
1573
9470
4842
4730
5162
8566
2189
270
9329
5877
3065
7939
4671
4676
4638
4844
569
1788
4549
9406
1153
2680
5237
3706
4788
2925
4835
3444
8841
3909
3885
4253
8394
8975
9155
3247
9440
4007
4446
5462
9775
4166
9557
6236
4521
2637
6677
2576
1723
8846
3662
1455
518
2611
3953
4884
3878
5483
662
3751
8447
3779
1502
9169
8200
1023
4024
9087
9102
1194
5965
5819
5601
8530
4931
4998
5984
8187
156
8168
527
1470
1940
7943
2974
5084
9733
3840
8902
5464
4748
4806
2482
1371
3480
8033
9822
21
9410
8121
2653
5044
5542
3836
3544
4583
5678
3686
104
5930
7058
1852
5736
9099
5521
6803
5139
7382
6128
6792
5408
6828
738
5594
3945
5183
1526
212
4317
9578
7758
2795
4043
1342
901
3581
9113
7287
8528
5424
953
8439
6763
4991
3338
3826
6176
3539
6674
4882
7282
4426
314
819
7352
9532
3296
1561
7329
9747
5696
5240
728
5953
7590
4757
3529
2868
2614
2901
1006
867
7447
322
497
5892
6199
4355
613
1317
3322
4268
4276
5170
1306
5290
6459
8960
1163
5244
8339
9832
8799
8484
8404
1557
8790
1604
610
7900
7936
9522
9918
5627
6926
9617
8037
1860
3740
9133
2118
6143
3665
6751
9367
2875
2889
1030
817
936
6053
1574
8889
6512
9644
4234
4947
9940
5896
6753
6908
8405
335
3029
1787
837
8806
6855
2915
887
4034
8362
4607
3475
958
4306
403
1522
1340
6929
5749
3540
1699
3118
3603
8575
8458
7980
8775
3764
5955
2817
6240
1844
5639
7416
3026
2329
8159
8794
8880
7713
430
1315
9286
4590
395
2574
7553
759
2130
231
5658
7636
3382
4098
7341
5956
6546
7022
8326
6638
1338
9224
4982
3487
1283
680
1663
8298
4599
1121
8984
5718
4838
8783
2513
6227
8081
8427
769
5806
3077
9074
8749
7159
6509
3661
3129
2774
4109
7858
758
4989
9862
363
6581
6669
9064
3356
8668
6851
368
4692
6526
3264
5837
3609
9097
2849
2745
1514
9610
7168
7380
1412
7524
5766
4740
6871
411
8287
8688
6425
73
5709
7577
7944
2933
6002
5230
9201
286
8574
7240
3459
9543
3577
3087
7764
293
6854
4634
321
7330
346
8380
2650
5888
8623
3252
2476
6910
5518
8888
8766
923
1920
7643
112
3102
2309
9763
8786
6822
5546
4707
5648
578
6106
9769
607
3101
9481
7389
4441
5366
6001
6974
9195
1117
6587
2927
9737
8603
1487
8054
2358
1888
8874
6414
2555
8789
3680
9669
1007
836
6503
7608
9056
7575
8625
9666
7233
3731
9720
2778
7304
5300
304
5679
158
6643
9124
6615
3575
9256
1980
3006
1884
905
1558
5140
7613
8365
3584
1458
3358
5347
3683
7336
1858
8992
720
4289
8114
113
5118
4796
9419
1694
9999
5154
134
2081
4171
7978
925
2881
3891
5111
4687
4516
4473
7242
1410
9493
3670
44
7346
4921
2307
5621
9722
9691
7236
7501
514
9110
1645
8826
1462
1169
502
5477
3240
8490
1716
1092
9424
1908
3589
3135
5325
3085
7257
9576
7499
796
8304
8582
72
5962
7902
5778
3900
1008
4898
3372
4828
3019
1069
692
8988
730
8570
4401
8094
2089
9810
4657
6392
4404
7136
446
9036
3951
7464
2612
8217
2539
2276
5643
9625
4275
9542
7068
4918
6356
988
478
7109
6242
8099
8522
8451
6357
173
4402
9082
3704
8260
4986
9892
5901
3795
8635
2405
4054
5079
8257
9408
5934
6168
4928
616
9509
3563
3622
4901
3399
3674
8978
9337
7547
9443
76
537
6454
8918
246
2983
4163
4530
7001
8953
1553
2177
1469
8292
708
6766
6232
8950
1131
2920
1766
1760
8825
1183
4388
1132
9001
5763
1689
2378
9989
8529
6306
670
7469
7059
4978
3326
469
4030
2406
437
9796
4513
8355
7695
4569
4891
6419
2882
5000
8680
6634
306
9491
1584
3783
4903
879
7093
475
7169
9263
6003
7967
5522
8972
9420
8436
240
2237
2958
1508
7345
4782
4189
2427
2694
8982
2063
85
9718
330
3504
844
8707
8504
7094
6533
7661
2383
7176
8945
4615
4950
9187
3412
7861
3398
3802
1783
3249
7016
2579
1859
7904
386
973
3027
2382
1454
5535
1465
8985
654
4384
6636
8823
8422
8487
5370
1960
7203
2706
3107
2447
5303
4447
8472
543
2606
5145
9104
8554
2649
8601
6506
6835
4566
9177
5222
9439
8513
9396
210
848
673
1703
3899
6302
4370
5971
4632
3211
4111
8199
4263
3924
5794
4853
432
4099
1771
5782
9386
3250
8393
3548
9545
7890
1854
3977
549
1198
8011
7972
9249
1748
6561
38
4856
8811
5117
5734
5659
4662
9508
6155
2892
6114
3451
3552
9466
7125
7264
8294
2085
684
2701
2708
1024
4940
8832
2148
6137
9908
6895
1093
2341
9356
8956
4080
1310
997
7478
1731
8856
4935
6206
6153
3595
1857
2256
6388
7319
6185
3134
8349
8078
7942
659
1303
3384
385
6182
1142
6833
688
4551
3813
3354
4494
4735
7973
2217
6486
532
6695
9841
5458
7401
3393
7670
9681
8271
4587
7853
7163
1613
2436
7901
7477
640
1408
1589
964
5764
7486
1151
7615
9268
8851
7414
8903
2695
2145
3812
8076
7078
3619
9704
8898
7537
7640
4905
7544
6693
7505
8274
5254
2530
7707
658
5311
6471
7428
7823
9586
3918
7609
3376
7340
6527
3786
5123
2841
1964
8560
7107
1813
6374
5113
866
9426
5762
4411
6966
8473
2926
4049
3224
6042
7938
2386
8808
7571
3212
4178
1510
13
8376
667
8932
715
312
8198
7931
6103
3742
1074
3568
545
3793
9649
1420
7487
7812
8129
9353
5497
7073
382
5834
2453
2424
9407
5252
660
8967
960
838
4073
6737
2884
1065
4040
9726
750
8397
8126
3856
6339
3385
7555
1447
1134
2105
9186
2142
7532
5073
8155
1299
9596
7218
7508
6449
9663
9552
2291
8247
6524
8670
3632
5576
1482
186
4570
9258
1013
12
4822
1700
133
9225
8356
50
2224
2684
7144
1556
2969
5799
6214
689
1546
4371
6347
2923
2719
5097
8184
3789
45
9081
7021
2200
8604
6065
7761
1779
3111
5624
8087
4585
6480
1357
9719
8395
8281
6093
9123
6817
6592
2906
3468
1022
672
9910
4879
180
8765
3531
7775
3201
116
327
3861
6495
5527
224
1230
439
8
9497
9696
7000
9121
9584
6260
4255
1791
8755
4469
1531
5278
939
1988
7774
6235
7171
4489
8117
797
441
4803
2001
55
5537
5184
7970
9243
5644
2717
5447
6198
4027
9180
2832
5768
2255
9797
4747
6424
9966
1234
5023
6484
4588
2985
1971
7891
1452
4799
9070
1400
5845
1289
1180
5169
3355
813
5205
1665
9451
1718
1904
1985
7064
4278
5128
2367
1596
4390
5387
6391
9363
68
2278
4008
1871
4295
466
4808
7512
5824
8658
2878
7289
52
5112
4308
4351
1835
2563
3014
5013
3890
6475
5029
3818
3883
7686
6666
8821
968
7212
4430
9547
9404
8289
1147
2859
5558
8029
331
5977
6469
7678
637
7701
2226
6451
4847
4251
2240
3433
1517
7387
8981
6348
2487
7397
1741
4157
6479
56
1559
8544
4086
1907
4849
4249
5568
5583
2702
2452
1360
3177
7928
5476
3467
4279
2495
4563
6915
7562
5037
2026
1770
5130
5826
8542
9083
8796
1284
5148
5474
9869
1290
2492
8569
2805
5216
4717
4648
1993
2690
7128
4964
1087
7047
3642
7914
7273
8709
392
3817
8315
8760
8674
7210
3081
7201
6604
3455
5803
8165
4939
5338
429
3837
3439
6704
2761
7567
5864
3422
1396
9091
6196
8345
529
6990
4718
1848
6656
898
2739
2835
1039
4213
5961
5120
7338
114
8208
893
2998
7317
4739
1383
5492
4240
7964
3758
6698
8805
9686
6784
998
906
8382
4716
7135
2626
42
6707
5102
928
9089
7463
9672
8363
6333
6035
491
8614
3950
9284
878
8361
4267
7269
9855
2553
940
1793
4652
5319
7762
2023
7356
7794
2117
9080
8557
3348
2467
9988
579
1739
1868
4620
963
8524
2638
959
6878
4778
8884
9298
3657
2768
2490
2336
26
5002
2586
4139
6318
1209
8718
985
6179
3462
1085
3333
6124
6030
7417
4684
1473
2869
6250
5657
5602
5942
1384
6140
1873
2936
269
3980
4767
9343
4511
9278
3270
1435
4722
75
9306
7446
6034
2596
9656
5174
1895
1698
9046
9518
2968
6963
2600
8072
808
7046
1533
2756
8161
8577
2951
5996
8948
6152
2179
4539
1094
2668
2132
7386
7117
8083
157
9695
1474
4611
7568
3185
9689
3814
6682
8102
324
3030
9011
146
4720
2182
9595
6071
6575
7592
2844
2055
7124
6369
401
6481
3533
9289
8080
4410
2369
5208
7548
3894
989
8871
5256
7362
2399
9422
2961
8602
4555
3442
5605
3119
8977
1503
2192
3498
2185
6328
2396
4505
9390
1160
7281
5100
6658
9664
3219
7929
8197
2304
1206
970
3214
7475
2472
7847
9350
49
5712
777
9414
7981
1712
2661
9959
6744
800
1055
7411
8156
6799
4552
6572
3591
8488
4492
5030
2324
3737
6762
3919
6406
7263
1208
8836
4880
6022
639
226
706
4774
2073
1083
8877
4287
8677
2955
7515
8357
7711
8038
6778
23
2635
3634
8804
5181
8173
530
6805
444
1370
9902
6386
4386
5938
8368
2418
9490
9242
582
167
6084
6310
6405
9856
1638
657
1950
2691
6591
5426
6094
215
2033
2858
8002
8928
280
8229
508
6248
1351
1682
1295
7153
1628
1059
5279
8486
5167
3225
827
7216
423
2205
6478
8454
3954
5074
9348
5358
726
9544
4266
7916
4060
7177
8641
2198
575
4647
2285
5565
4710
551
8253
531
6122
9335
9280
4130
4677
9254
3794
8277
3551
2588
6858
1125
6838
7285
6593
277
462
3366
2051
1224
4909
6086
4810
43
8379
46
8027
7167
799
5609
7951
6230
9214
748
7444
8620
3570
7660
5067
8901
4462
1189
7028
375
10
2548
4187
8179
9150
1029
5127
7484
2564
2044
5607
9409
455
4102
3418
307
7881
7819
2090
1667
5394
8166
4825
671
4660
1963
3421
522
8314
7892
747
3089
7996
8175
5404
6668
8498
7772
6846
6300
7693
9655
2633
3895
5179
7520
8523
1946
3993
1864
3650
4866
2088
1603
5827
410
2
9218
513
4953
743
2621
248
3349
4136
630
6417
8552
7251
822
792
9606
972
4535
7409
2247
6831
6950
556
9370
182
8702
622
9366
3139
9159
6947
4938
7606
6924
2007
807
9599
2566
9175
3615
7258
3351
4236
9222
390
8630
5530
8082
148
5416
9463
7975
8938
6890
2743
8244
7103
7145
2996
8090
8844
6987
5713
118
9361
9593
937
9430
6041
6919
9259
8348
4341
9821
888
9858
6700
785
6502
4353
9956
4248
4773
8092
9627
7429
4934
5277
4890
4068
7197
168
9168
3336
862
5904
8595
3044
2043
2597
3713
5997
5373
9734
8763
6810
860
7930
2340
1187
8936
3256
1419
4146
3431
7344
5239
9255
6033
8327
7207
9005
3724
7969
9872
2203
7423
2673
1177
2493
3221
2014
3298
2108
6837
436
5035
4413
4296
25
2243
2169
4933
5149
4321
9981
6596
9190
9437
8440
695
4850
7436
4403
477
7864
5517
9808
9202
8540
8800
3381
6100
6736
6006
1158
5236
7250
6816
1467
9748
140
2393
3378
3017
489
7873
3801
6945
2271
9888
1602
7554
7185
7119
6464
3928
5217
3872
2562
1708
5545
1710
798
8712
8176
1707
895
2430
6491
6756
339
6624
6780
8619
5061
5052
2246
3213
3913
4324
5025
6249
4656
7166
6145
9623
7706
3855
4424
1547
7935
2295
8329
8039
463
5796
2753
4711
1466
6699
4776
4344
9015
8664
1442
7582
9811
8904
6981
9849
7948
2037
5337
7029
8066
9816
6685
3844
3746
3183
6551
2728
631
8321
3518
1241
8091
3284
4830
2268
2678
1298
8386
5342
2249
2907
8756
3869
7100
6112
3490
5958
7454
5262
4541
9590
6308
5708
9253
3033
6167
8539
7221
8850
952
7013
6590
6401
9945
2429
749
8358
4246
9604
7277
6247
9477
4526
4984
9122
5723
6288
2526
9529
6192
2521
3413
281
6270
4497
7492
6905
8663
6570
3076
3721
2861
9076
3638
3877
7053
8431
129
7011
6994
2552
7402
8399
3771
5927
1086
9685
4173
4961
9998
373
7911
8876
3136
8791
4614
3424
733
7143
5850
1385
1130
2229
1571
1025
233
4750
3796
5549
5954
5528
5004
914
872
2860
8269
9371
9125
1179
6050
9968
1733
886
4121
597
8425
3056
3707
4360
6859
7798
7607
2234
806
6782
8652
712
4769
3792
404
9365
2527
4500
6079
1528
4668
2470
8636
3937
2622
1621
3532
1267
6678
9393
3294
4239
451
8233
3648
1402
5917
9151
2075
2990
7479
9866
1676
7974
2733
9372
7271
9750
633
7781
5610
6278
1378
2912
6934
7848
6735
7977
9270
3690
4601
5443
7082
5604
6813
6703
6853
5580
8058
2318
9741
3930
6549
9534
2709
2594
5728
2366
4374
6770
5339
3827
2065
5161
8211
2302
2232
3947
6096
11
1690
5126
2683
9979
7579
7183
3251
1353
3137
1727
8810
842
5652
9935
4691
3862
5741
8128
192
3010
1347
621
6332
591
1397
555
6760
5047
92
5684
2401
5569
2750
9938
7773
6210
1784
2320
6430
5820
4206
338
4567
499
318
4327
2408
1190
7550
6675
7897
2718
8194
4523
7391
6043
5515
8491
8459
7674
9022
5166
6220
2876
5614
267
2877
8916
1423
9614
8653
6068
7953
1431
5907
1702
5137
9729
3167
1061
6717
5596
5671
4919
1424
1323
9303
6984
1042
8929
6680
6263
4727
961
9675
5865
8050
6692
3482
6786
9067
4011
5043
5411
2822
7149
8812
4335
1122
1300
6497
9492
7703
8979
496
1692
8172
5001
6620
1655
3282
9461
4594
4282
7879
8563
9441
7633
8703
5538
7219
2031
2451
9861
7442
6603
1415
2549
9267
6880
9332
586
251
9662
7816
517
9062
8476
2170
7400
1066
7348
9221
4116
5592
2523
274
5045
3153
7280
4664
7642
2583
5125
2585
896
576
2870
1941
6285
4352
2281
2797
4392
3934
6594
4917
5557
219
1100
6109
3295
6515
3341
8959
3833
5770
5287
4400
199
2794
4688
4699
8478
2417
8341
9659
9961
1515
8413
4226
7581
5142
4596
5041
7297
2486
5220
9241
2233
1043
3508
9781
3365
9293
8986
9027
6473
2259
2532
1609
4990
7458
598
3820
9592
3835
9517
1521
1213
8479
1200
7051
6962
723
9281
8020
7462
4821
4976
7161
7302
9379
3239
1612
4340
4771
919
6938
6489
5133
9817
9421
1243
1807
7923
8381
383
6733
5980
7624
4968
9782
7979
7843
3005
6000
119
4663
9034
5147
794
6619
7441
4644
3500
1798
6083
332
8997
7032
665
2140
1972
9632
930
450
1136
4380
7083
4520
1649
6662
4762
7491
1495
1244
6667
9094
8551
2262
4742
6312
8084
6611
9628
5562
687
6670
1240
3257
5305
6193
7072
9568
3969
2010
2659
4061
2092
1728
4581
1998
292
5682
1362
3423
6271
4837
2999
909
4425
5579
9806
7895
3021
4463
697
1346
3165
1913
4502
3360
5567
8872
9933
539
4387
2603
4927
5600
5560
79
5194
5484
6076
64
1076
1468
5532
8167
1752
3775
2330
2504
801
9990
4967
4672
5543
3291
2362
3901
5925
2244
5450
3710
1855
4302
9924
7056
6944
8678
7455
2816
9645
5869
2957
9612
5242
1185
7756
7778
4478
3339
3425
247
7940
4786
7343
5943
1037
8417
4682
3301
9238
223
3985
3743
2989
8824
8822
8285
2853
7020
2942
2002
4689
6368
3987
2613
169
4382
5838
8962
3579
7108
7531
7963
2028
5823
5615
4595
5331
8210
3887
2971
1789
3973
3416
2581
8495
7069
4981
3750
7799
5466
3162
9846
228
9626
2161
1211
3158
1432
6259
1856
8655
8124
2842
9127
6485
2019
4250
4238
6319
7293
7851
942
540
4892
8640
7350
6827
8088
5267
8051
4304
3309
8682
9460
1806
611
1413
6027
4179
9836
542
956
6148
4920
4544
7835
9701
8584
241
2891
734
9108
4598
5536
546
8651
1990
3926
9227
6928
780
3633
2826
8248
645
2544
3673
4618
4075
7834
495
1674
8273
9702
5910
8955
9049
4761
6706
9063
3146
4346
1026
6725
566
7667
2807
3383
563
109
5327
2006
6205
6017
1389
473
5729
3547
2703
1924
6441
6768
3152
7870
8280
9991
6893
4617
7802
7421
6964
3757
2282
4863
6446
834
3216
2959
7634
894
3569
5990
4674
5225
2918
5365
7437
4945
4966
3318
8828
4231
6256
5983
7481
4464
9257
3133
9245
8935
5392
3972
9524
3007
3132
754
2789
2712
8834
2400
8926
7830
3196
5886
9721
1870
6552
8418
6719
9736
2937
1939
8003
5714
9489
179
94
1753
7227
6920
755
8170
6522
2782
870
474
1938
2514
9823
2263
4186
4911
8869
9044
3447
7494
9756
2339
3790
2347
9272
16
6146
4438
694
3445
3327
3580
9537
7247
1114
3669
6367
5651
9395
91
6653
415
7995
1569
9889
5717
8318
9327
8043
9235
5920
1805
5675
1867
6415
7456
7031
2556
4174
1669
3347
3305
5185
2464
9196
3846
7842
4504
70
2664
1564
263
1248
7796
1654
5415
9305
3186
6147
2248
9079
1887
2863
384
456
3095
1929
420
9342
7696
7516
5689
9773
9992
4843
4925
9021
1448
3344
7662
3941
9670
1393
8169
5071
6701
3419
6897
370
8912
4629
4339
2972
1128
3160
7249
993
5051
195
5439
5847
5273
5400
762
4815
7222
2334
5876
2584
1520
3943
7151
9211
2076
3208
1403
3956
675
1890
1176
8300
5742
3960
1155
7766
7371
3312
5703
4802
2287
4768
1683
7091
6874
3880
9752
7390
3620
1441
5214
6409
5633
3989
1551
7353
7388
2412
1489
1112
3321
9357
5182
2517
6793
8924
4703
3269
3948
1866
8063
3803
3367
1928
1898
6476
3200
6104
2061
3209
3560
3871
3278
9619
8892
1944
4524
8067
9766
6547
3676
9550
6937
2054
362
2176
9875
8134
9101
5049
9530
9760
9068
435
3763
1067
8437
8883
2272
6595
2919
2116
2455
6888
5902
9951
1994
3561
2710
3163
1032
51
4846
4779
7140
3870
1287
7041
5866
2134
7924
9103
7679
7570
6617
9116
6139
3598
1471
4655
9678
5944
4299
7165
7947
1484
1417
2084
3034
634
1239
5134
6175
7899
6287
6363
7260
4836
6345
3386
7741
4514
3501
4695
9154
8954
3843
7049
4937
9983
1270
7118
9085
3128
3800
7611
7228
3527
7359
3809
5238
8266
5172
8694
452
8819
3967
4097
3202
6996
7334
1724
6540
4265
9383
465
476
1747
205
5021
5442
6927
7681
2475
7783
3357
7141
4105
3397
619
9153
1079
2898
2785
8798
1937
1751
7694
9759
4597
1933
8578
5195
1687
4609
5724
2693
3970
1124
8449
3047
7098
1545
3114
4973
8886
8887
9374
4138
3189
6841
3971
1178
5781
9322
5226
9828
3502
3538
7255
4212
6728
3229
6161
6761
4468
6090
832
9007
2445
4942
711
1301
1109
4936
9310
617
6380
8666
9399
5848
4527
3396
237
9469
9527
1523
4155
7048
4137
6820
4575
3559
1440
4104
4038
4833
9114
6892
1668
5150
899
5335
8068
5802
81
3530
6523
7795
7147
2067
6631
756
6529
2758
3691
6171
6684
1321
8785
9345
7292
2479
4545
2975
9304
9010
1991
7540
7261
7927
3308
5999
1304
2082
5618
3046
4980
1406
7648
6621
4565
9585
9136
2377
2641
7889
5699
7294
5655
8408
2494
2697
4260
9660
5020
8701
6750
3506
7958
8726
4580
9783
9512
1395
1418
1722
4314
1364
1291
1398
2740
6154
7010
2806
9805
5124
329
3572
4661
5974
9995
3330
4457
6731
8621
6355
6563
1778
1095
4412
4290
1457
2722
9285
2662
6629
2666
7898
3639
7932
7132
3995
2862
8139
9107
805
3304
2675
396
5745
4840
2009
3749
1260
5595
6710
8482
3933
6673
8483
7672
1324
5753
3715
651
8122
377
3094
5178
9714
4503
9588
3217
3331
7116
2660
5767
4336
7656
3453
275
1101
9873
4079
6117
9137
8795
6004
1506
5297
865
7908
2419
2737
6111
9523
9520
5761
7105
6361
8628
5499
1331
5433
32
2181
1578
753
2306
4715
6626
6132
448
5552
1236
3223
7303
4342
3434
4841
8497
7705
7366
2335
4047
5381
5294
2582
8222
3038
5779
4744
6517
7276
3946
2460
584
9132
3283
