2656
5236
7662
3780
7264
1944
7634
5446
2629
5422
5468
5609
6365
6048
6889
7242
666
2846
4858
2249
3298
8480
5014
3376
5246
4362
8645
2664
446
7085
5806
2796
1565
6597
6435
90
6687
62
6678
3475
1299
9927
1726
7273
7554
3530
4838
507
1000
9988
4859
6115
2895
8056
5720
1249
9618
8409
903
2373
1742
2197
9510
8559
9025
1040
5469
6388
1825
5543
9221
1577
2353
5390
4097
8799
5918
1481
3777
4424
5491
2774
8656
3164
9239
3674
9608
3197
1949
5342
9405
2154
8320
3295
1468
9664
1406
3850
1613
9153
5941
6252
5129
4130
4331
1823
4229
2861
5570
6478
6487
8761
9640
6664
248
1656
8437
2843
312
9724
9497
1447
6573
263
2788
2508
6823
8089
6865
4739
2758
1640
134
6262
6417
418
202
4518
9499
2842
3980
6136
9278
8500
2311
8578
5759
3383
1951
7804
600
672
1852
5329
6494
1138
4673
1285
3639
4958
8282
1097
3723
5901
2922
1696
6101
1893
5897
5875
3856
9133
4740
218
154
3053
6777
9226
1134
8561
4254
967
1208
7299
1400
1693
1755
377
6412
1074
9982
9894
1540
4976
2889
1284
842
4995
9458
3048
5709
4423
7
1304
1144
1718
3533
3284
5445
7901
7752
375
8351
9024
3066
1544
2083
1782
5006
9139
1620
6122
157
6058
8801
1333
2621
505
9445
5265
7841
2975
9431
3451
5953
8648
2067
8933
9850
6833
2812
4061
4311
8280
9833
980
7443
4353
3375
4502
8859
7795
1461
1494
1190
7347
5708
47
4677
2599
6772
8692
1165
576
328
5916
3966
831
9373
8417
3296
8697
518
6223
2242
7578
4582
7006
7147
304
5263
4125
5163
7427
4247
9059
7070
3549
6979
2450
5539
8269
548
2058
5197
9709
3604
1158
9543
2006
7665
4462
9343
1296
6575
4479
8669
4712
2333
3874
8476
5161
5781
9203
3534
9341
1636
4335
817
9146
8229
8273
9790
4282
3412
3258
8136
7569
1272
1432
5495
4235
5170
6479
608
2641
392
3678
3666
8886
9954
5015
3870
1681
2807
1524
1791
3251
3590
1982
7041
5193
3671
2881
4136
3968
1967
5430
7291
4674
6925
4529
4701
6465
6896
2475
2990
1865
9147
2205
8253
2663
5458
792
678
6469
2844
5177
2854
2360
7463
1720
4173
6124
8535
3775
3813
5150
8047
4329
3903
333
4234
7451
9686
9072
2951
6096
7268
7740
2362
5101
7369
7947
485
8729
9546
4383
258
4435
9379
2866
3871
8108
4449
1387
2278
9135
9717
9939
8088
6407
8877
7711
9555
4022
1026
2647
3556
3699
3479
9898
9021
1360
1961
8348
5282
6367
2251
471
3173
5517
9104
3555
3503
9987
9281
3400
1756
2338
9897
5995
1671
9866
3569
1076
5285
8065
2033
390
6741
2115
7150
5791
2220
6132
1498
5248
8776
5360
859
9788
1373
2429
3571
2699
342
3159
2344
2984
7530
1474
3212
156
2513
8257
4798
4070
8607
7746
2534
4332
2298
9366
7758
2413
1518
2779
2283
5834
6641
6006
1977
1929
7035
8312
3738
8310
802
7924
1886
6807
9491
5242
1224
5259
9370
3044
5823
1767
7487
1033
5914
6497
4289
684
9108
4528
1096
3254
9260
2240
5330
8626
3510
9658
6225
7735
6377
8789
2095
9711
4
7057
8162
3851
6496
2384
9325
654
9902
6098
1258
2424
8768
3607
5765
3611
3825
8565
8557
8077
522
6200
8819
2486
2223
5841
4082
2053
1547
397
2136
9624
687
9338
6483
9170
5206
4521
1910
1617
8548
2540
1860
558
6286
3933
1121
7872
5486
7861
6740
1442
9154
3150
2079
3459
8944
4062
8194
6467
277
4680
9776
6580
3133
7701
3118
6959
7254
7382
762
7756
1079
2764
7420
4035
5753
9461
9478
8775
9848
4210
4437
8627
7275
6150
8953
4463
730
7642
6984
2282
9242
2493
5399
1502
1538
4172
8372
453
5525
2077
105
8686
7532
6732
5807
2088
5208
4924
7703
3455
1235
3378
8248
7048
7727
9597
7516
4476
3910
4954
7295
2451
6690
7828
5212
2532
956
5474
4406
2164
9787
5305
9265
7684
2301
8930
9419
3001
1784
8742
9200
7646
3838
2305
5692
7895
4323
6003
771
979
4722
1980
1530
7280
4410
2369
7022
175
1686
9230
9771
7975
8157
2938
5645
5216
7509
4087
479
8352
391
1423
5758
2695
5595
2957
255
9526
8123
8464
388
5964
520
1943
1988
5472
8507
2849
3728
4879
287
2590
1125
478
1995
2760
1817
5755
3558
5846
3732
8694
3507
5620
4554
9356
3895
7289
9704
8326
3867
3905
2705
8880
4393
3081
1353
8096
8212
4627
8977
3111
7508
9316
8000
6022
3221
7468
2308
2064
3450
7898
60
3734
6857
2604
8154
6502
9184
4581
6049
9206
2335
6137
1871
9118
8546
6251
3421
9763
6081
4243
325
1045
2162
9455
9451
2173
2491
3553
9590
1830
2048
3945
8281
4671
1297
809
8809
3356
3792
1553
6233
6307
5070
6771
5874
8861
8600
1094
8218
5309
4191
9614
4632
7173
6961
8262
3529
550
9353
6065
4069
5099
4043
6069
4414
4193
8018
7399
7645
9545
5773
9825
3304
7640
9332
7904
6063
514
5426
7753
4489
9621
6863
1745
7499
9048
5812
8012
2535
8961
6762
6649
661
6915
1927
3902
7876
6260
6957
2865
427
4634
9675
5019
6193
207
4807
612
7612
2848
788
5861
2319
6547
8138
6983
2815
2346
4426
5533
2189
5752
1303
4000
9084
2716
6076
2049
3229
7498
9251
5847
2916
879
3572
9633
3105
7145
3620
5814
1339
4194
4471
6776
2014
9901
4168
1257
5047
8510
2952
269
888
5315
671
4965
5983
5826
6276
6781
1827
2995
7949
4019
5183
7573
9096
7146
3581
5942
3602
2199
2579
8752
3656
1310
7405
4207
3789
9506
6349
8345
1277
8181
1972
9583
4477
2926
3381
2461
4113
6145
4260
4286
8114
1173
3646
525
1651
480
8095
8170
7060
420
8222
5084
4989
3844
4997
3525
6813
2160
2701
8250
1429
2318
7209
458
2606
8225
5094
2247
9656
8803
5835
862
6282
4349
9101
822
5617
6342
3332
9635
7277
5728
7914
7059
1320
5631
9199
4675
7395
4391
1812
5306
4165
6401
8685
65
1955
8013
4630
36
8454
972
5481
2193
5703
7783
1178
6966
5361
8633
9835
9283
7606
3975
8831
7999
7089
4026
1205
618
4923
1065
2646
8361
6554
1191
7748
9174
4155
1653
7007
7238
8240
8845
5972
9487
5339
2934
1167
2069
117
3155
4084
309
472
5643
4616
3317
2056
7522
4076
3165
6379
1858
806
7560
4272
5552
1520
9088
562
7392
3994
3776
7806
7545
1960
8041
912
4117
5622
5367
6924
4098
1020
7479
8978
2428
4904
182
563
4434
8396
5951
336
3447
5144
2723
7311
3823
2537
7739
4314
5061
4400
8905
528
7058
5853
5938
3567
9789
597
4252
407
2531
3801
7371
6393
8926
2129
1354
2698
7018
5317
5411
9791
3186
7957
3243
2477
4251
3463
4345
2094
5932
8435
8150
251
67
9026
1920
7513
6093
9333
4185
4112
5849
2949
7809
8456
6256
8037
6849
369
6716
2609
4394
2819
9665
1457
2219
8082
6482
215
7379
9462
1800
2920
9688
7445
2567
7340
6078
8030
595
5275
4874
5182
1157
5511
498
1799
7910
5553
3415
8586
7794
1522
4083
2296
5828
9291
6009
9434
1025
3817
4184
1506
8160
5706
3403
8438
9121
4337
7181
187
7619
3652
451
2887
6827
4372
8021
1859
2327
6973
2400
8400
6848
7304
6120
8198
4021
4815
7228
3937
1080
4713
9140
569
6522
5387
5673
2119
1856
6819
8313
6024
1984
5039
6130
2908
5168
6222
6677
8002
9411
1072
760
3819
9348
3564
3370
1521
2435
6031
4310
6358
9820
9349
8927
3009
5023
1655
8241
1389
5669
4836
487
4912
7596
3702
5801
8580
2962
6963
6698
4261
1099
8738
8528
8870
8893
270
1318
6528
2458
9694
1750
2343
7373
5923
1643
5152
2902
2423
3344
7322
8025
69
66
9671
5675
9429
8087
4796
1900
9774
1861
9877
3729
1391
902
7074
8236
5917
1242
5994
8255
2655
6303
9061
9756
1952
519
7925
1899
1221
1938
8049
5001
601
1149
632
5576
6148
4890
9921
837
383
1019
2693
7497
8430
2750
2213
3471
6867
7557
8101
4166
636
2326
3766
3280
9841
7000
9357
3916
8091
4124
919
7954
5260
6212
6989
8224
9323
3697
5080
5523
9424
9010
7455
5252
4271
1717
5071
414
1607
8975
7276
4129
5057
8494
5040
9760
1057
6759
5288
6560
7674
1388
8791
1049
5218
4385
2402
787
8773
6926
3029
2871
5670
798
4606
8766
4913
2289
7175
1801
6315
7558
1533
5854
6869
8552
2403
4537
132
9969
1155
907
9435
5277
8583
7002
2110
3769
9713
9623
6073
2754
311
8751
1024
4024
8996
4770
2019
35
2509
1352
8403
7359
1307
7158
5020
4488
8342
1397
4780
8254
7843
6047
8924
3752
7943
8296
1712
1359
8004
1561
1666
8491
6552
4669
885
4721
4690
1334
324
3806
8069
9046
191
2036
7095
2805
615
6352
8453
7511
5380
508
4224
8436
8174
3441
3502
2137
4094
7091
5653
1853
34
8496
9749
6149
6420
7641
9317
2281
8187
749
738
9122
9383
3478
260
1534
1660
9599
2004
8647
8621
9948
1092
5700
8840
7062
7785
9087
3883
8881
8699
374
2857
9377
2291
8014
4870
7666
8891
2657
447
719
1006
1254
1069
9040
6581
3866
2589
5891
3324
4223
3747
3633
17
6990
4381
3031
3506
9179
7391
5289
3449
4126
7603
6829
9071
9446
873
1805
2171
6443
3042
3992
448
8137
4404
6893
1965
6347
3578
4541
4014
4291
7076
9414
7471
7055
8163
9321
4580
9438
538
6812
5256
8474
5126
4626
3327
517
949
8684
9525
121
898
2089
3396
8700
1768
9155
5537
9297
7770
8441
9224
8513
2912
5335
4453
6495
2917
8133
70
6133
413
8010
6302
8551
6294
5591
3978
1455
648
6816
5271
210
1976
8125
8689
3509
9008
4522
8999
1715
7313
9453
2436
2577
4384
8770
1663
2183
4820
759
916
9598
4991
3802
7927
3468
4225
1203
8022
2059
7719
6520
289
350
26
1700
3072
7115
2348
4980
2469
7710
7462
8783
8785
3079
7972
880
9726
1374
1723
5004
3936
783
5522
6219
2820
1615
8207
8459
3049
6183
28
8954
2317
4539
3627
669
897
1626
6119
8302
3127
3252
3335
7453
8957
4503
7027
4511
430
6456
1603
4635
8026
6739
2675
177
8612
1509
8171
8890
4568
3953
4232
4702
4893
8421
9830
3239
4167
9019
860
3315
6751
1504
8713
5933
6449
8251
1906
6253
3912
936
4578
9513
7870
3727
265
9643
1798
2761
3733
8484
1438
7911
5721
4156
9728
3369
7161
4342
2123
9015
6340
8068
3454
42
1152
8283
9267
53
3818
6972
1216
1022
673
7361
4330
4850
327
3768
1675
2882
1001
2878
8134
8368
1116
3182
4249
6109
7287
7922
2738
9385
1682
9652
4601
1658
659
1513
7583
537
4789
6045
4983
6773
9895
22
1451
710
683
9054
1725
4419
4821
8989
8408
9648
9668
560
7745
8073
1748
6634
7510
3814
6085
3952
2954
4412
7033
8547
3341
7030
9213
1716
4914
5769
6217
6570
1305
8670
1631
6927
9773
2797
4478
4351
8714
1495
1023
4348
4897
5045
3328
3491
3664
3303
9878
9007
7139
6563
2662
5155
4863
3196
1820
5018
8203
9172
6368
2719
6974
9677
181
2617
6864
5695
4842
8660
6572
2562
5819
2270
6714
7766
4686
5299
2528
1921
7143
1831
1953
445
9185
3160
2974
2888
4939
874
3918
9814
4389
3372
7174
3848
994
5173
3180
1077
5705
9919
3576
9565
688
8460
2586
422
4526
8502
2124
7294
1594
4328
1232
1535
3276
990
3505
4933
1863
3143
2159
2557
3445
9808
4275
7223
6397
1870
7435
1523
8884
8466
1102
7489
3170
2584
8543
6954
1510
799
1066
4369
249
1515
8334
765
4197
8395
3915
9626
7305
8208
4220
5867
8327
2269
5368
772
2873
5356
8105
7897
4552
6737
1139
7725
2809
6498
5376
5116
2852
3313
4928
1392
9470
3500
4668
8756
8237
2810
8616
5900
1206
7574
5066
1362
9990
85
3804
3024
5418
3955
2354
5480
6942
4049
2457
4178
1271
1401
3761
6333
9685
5041
4730
456
846
5698
1545
8850
5087
1459
4280
4122
6484
2611
4572
6095
2130
9742
4450
2118
9871
2134
2239
8787
2600
5935
5283
3149
9194
4497
1260
7404
6569
5745
613
5541
3618
4624
3719
7363
7527
6596
8434
9372
3308
7737
574
9334
2744
9300
8216
6426
6960
2015
4551
8591
2784
2203
546
4071
6278
8155
5614
2935
2789
1443
2025
4133
9792
9337
4916
6629
4273
1433
345
5733
675
5054
1194
1934
7937
5107
992
8892
4742
6083
766
3202
8227
8398
5837
9863
1233
5832
1728
330
71
2201
2452
9269
5739
2637
8098
52
5722
3225
3380
7549
4134
4513
9961
8184
9023
7012
6185
1480
3647
1741
3255
7607
1463
6111
3644
7593
1213
3227
1747
6000
3686
7951
8940
6549
2892
2551
3405
1633
9977
6283
2234
7172
8951
1878
5021
9950
9123
2780
3238
2771
8708
4586
3657
1525
8637
5465
8968
4157
2928
7807
4685
209
1578
6271
2010
2051
2379
1367
7483
3554
9659
2200
6881
5686
6062
5771
5207
6405
2533
7332
4121
8153
359
6114
5302
2132
9504
2380
5615
5124
3409
3429
2042
6837
6173
821
6382
3349
6709
4027
3718
9946
1376
5712
2991
8821
7730
3232
7082
9670
7303
1690
3638
7611
4343
1724
3003
3397
2031
2494
7962
5213
7625
8755
3858
3973
6728
7366
5611
6480
1891
5623
3735
1454
2158
5718
2131
5871
5428
7771
7840
6653
1312
3521
8596
6010
6586
9858
3068
1
7571
7117
9412
4565
9382
2325
1526
9663
5095
9407
6507
8760
6362
2128
1836
7272
1992
9339
7016
2625
6839
9245
367
5970
4631
6612
7859
7995
8830
1212
8635
340
9838
3725
698
8492
3433
9127
2523
9220
7584
4099
7621
6026
7157
6074
9272
8071
9966
689
838
1294
4143
722
7442
8027
4844
6489
8706
7026
3362
5627
8141
2593
4469
2398
3882
1645
452
8740
6805
2268
3360
4839
2176
8965
1425
1957
6818
4268
1180
2519
2886
2929
864
109
1849
3751
693
2671
789
2786
7935
3676
4687
4148
5548
8707
4543
8625
908
9801
9958
9782
8798
1932
1329
4994
7163
3797
6803
4964
7542
5264
9178
7039
5022
7851
5451
8364
2783
2825
6102
7205
9303
4570
7503
6464
7084
4749
433
1714
9589
3743
9931
603
1885
1141
2521
5566
6187
2753
7220
3213
796
6616
5518
2909
2113
475
8508
4660
1170
8759
8210
1958
2896
3464
7582
7893
7191
9004
6696
1912
3950
1737
2972
8749
4920
9905
4610
7671
7747
5699
3269
2054
2209
3287
2085
2559
6953
5483
2583
946
436
8086
1255
6501
1543
5266
5650
8402
6633
4491
2044
2978
1467
3625
1009
9186
3750
6369
3316
2831
8206
1918
4547
4431
5464
1635
7514
1414
3094
3107
4563
8838
3943
3371
9654
2710
5438
7805
1089
2958
1428
2307
3460
642
6847
3310
1736
7728
7038
6238
2955
254
21
2639
1623
3591
3954
3166
5231
4460
5959
1340
3682
8780
868
5829
1895
5883
6571
3538
7302
6902
9318
6931
2569
225
1614
6376
4533
432
5503
7501
9906
2246
4595
4011
893
189
9807
6643
6403
9768
6591
8980
5462
9423
4714
8764
7894
9480
503
3624
2266
8215
3419
1572
462
7118
7683
6958
7588
1342
2230
8192
2614
7296
7492
5132
3320
8512
5567
3645
1111
5379
6870
6611
2983
5892
4545
4584
9896
227
4298
5410
3826
2313
3710
1003
3065
5644
8035
8124
7375
6859
9182
1337
8405
4941
1193
2898
7878
382
4802
8822
7244
242
3121
3334
1764
3485
9244
7343
9000
3687
5457
4738
8745
7877
4288
5761
6202
1930
9165
8058
3779
8934
894
6419
4757
5772
4350
7892
1265
5300
5863
4716
6801
7096
7384
344
9268
6429
9041
279
1925
5297
6409
1182
9925
2091
5062
5787
4696
9384
5580
9448
2422
9856
9399
5836
4483
1029
3338
7432
8063
8732
4959
6444
2560
6702
6978
4430
9611
3130
6599
7307
3603
8674
4945
9195
9387
8145
7779
5406
7660
3492
9331
4065
3472
7817
3772
757
7644
7566
6508
5943
9330
8575
6920
4824
7650
7240
6526
2184
5321
205
3884
4999
4692
3379
7697
5374
940
1472
869
2706
5884
9951
865
171
2207
7890
151
4115
3175
2524
3868
1774
1811
9918
208
2728
1287
1410
4514
2553
7031
4699
2811
4382
4745
2999
3764
1035
7217
750
2963
3431
5290
4875
9723
8693
6344
6804
4826
4364
6400
2930
6116
8514
2612
3654
2971
606
8698
5125
5862
7538
9582
9766
4418
4755
1460
1497
1308
8746
1396
6861
1264
8292
2688
6525
2060
6316
6337
4175
4317
9454
5906
380
7714
6605
465
2470
1485
300
5966
7515
7232
6140
9058
7352
6744
4795
6631
58
5292
2936
3184
3696
2284
7592
8976
2459
855
1437
5746
1228
9761
1196
9889
9642
9351
3098
5238
913
2986
1017
9708
7708
1464
1059
7778
4467
2024
9967
3016
331
9312
8777
4091
4316
9274
3515
7480
4482
8875
3585
7633
9869
3095
4906
1012
221
1317
2751
999
2762
6968
2581
7540
31
7306
9392
8050
9880
4044
2661
3726
2950
4208
1939
4363
2899
8682
3248
1591
126
3062
5294
8505
8509
5688
2628
7318
6234
8736
4487
7460
9217
1842
5191
9529
9371
235
780
3588
5934
9910
8900
4764
2653
1586
8841
8680
4376
428
4926
1014
7393
8943
7488
1136
1928
2172
116
4053
1408
7407
4700
4558
9667
5689
8724
4081
6430
2397
2080
2529
9495
2037
2471
334
4967
983
8121
8268
1766
7285
75
776
2020
938
4843
3142
5736
7808
8314
7400
424
1499
1477
9561
280
1890
1996
2366
5975
5338
2462
2273
8781
7720
6674
9868
7856
966
1721
5687
7156
1542
6982
8107
5351
3724
5694
6693
7466
8915
7608
8362
3796
2487
3626
4180
7993
8140
2883
3944
3039
5296
9237
8572
545
5437
4898
6952
2666
5714
7801
1078
9057
1739
2243
9125
2850
3637
8272
9823
37
6747
4918
297
7871
8305
4992
5424
40
5291
2536
1968
5967
2587
6038
5091
9493
9965
1894
415
163
4445
1979
3566
5903
7386
4845
1237
524
5347
8501
8233
5788
1869
6748
8654
6724
2285
6087
3063
7121
9615
1573
3008
1330
8805
8242
5504
5115
7110
5345
7667
2057
9976
828
2393
94
5743
7537
9826
6908
5986
6788
2665
2618
1557
2522
7948
2959
1559
3326
68
7629
6825
4103
1777
9347
5821
995
9553
6181
4092
1611
625
5130
216
4683
6060
3770
7787
7439
4159
3087
3104
9047
3518
363
1735
467
3669
8628
6534
4017
543
4617
6089
8611
3544
6765
2008
6392
5371
7298
774
6753
7073
8299
4285
4415
2352
4981
159
5628
1449
8748
9994
9073
5184
3680
5028
2696
9177
1763
2514
7190
2417
586
4968
2392
2769
6625
8200
1792
8515
6824
9314
6088
535
3489
5215
5234
9725
6647
4592
8285
8238
2081
124
7144
9568
8613
6964
2121
213
884
891
9996
953
3619
295
7614
4725
3982
3532
5870
9625
4226
9031
6056
8623
5634
5053
1703
573
1581
9218
9036
7444
3073
6135
7204
4470
9386
2117
2862
7101
146
622
8970
6832
7109
7956
7819
3266
444
87
2722
8558
2347
9124
9196
6613
6577
8483
1336
5135
2182
3541
3942
7846
5893
4498
7160
5109
3860
6798
9358
3744
7960
3274
5968
2483
9253
7764
8055
3835
3181
4407
6993
7529
5547
4063
2544
1366
1837
5088
3271
7486
402
4192
3245
7523
217
7803
8276
8782
10
6330
3746
1772
2790
4171
7528
9288
5416
1364
4956
6817
4733
4211
6204
5209
1250
3077
4320
8356
5579
275
9304
493
1325
306
1199
8719
1403
5385
9045
8231
8917
591
5432
5920
8650
1486
4644
6787
2927
138
1556
5732
6764
5704
8244
2235
5928
3522
4135
878
1713
8948
6092
1647
4231
3512
8412
5370
7401
6301
5272
5506
9144
3085
6374
9082
7938
6887
3749
5544
8303
9755
3314
4979
1819
1269
6427
2442
2418
6247
6002
3093
1263
9093
4189
1503
9141
3448
9839
6097
9029
2547
4472
9930
291
8577
650
3138
6872
8381
7495
8973
2355
2654
302
3788
5989
6117
779
690
6809
4620
8469
4201
3985
1994
8522
2041
1501
1127
2601
2717
1088
3839
2813
8161
5456
5250
8705
1642
8130
7627
2018
3257
8190
30
4723
6226
8889
6447
5378
6191
8504
9886
1251
7959
7063
5106
5512
3466
7913
7979
1013
5
8643
3661
3086
2446
1281
9874
9564
1301
3989
5127
6162
6590
4037
1361
2105
6697
7078
9290
6919
3096
190
4371
6128
6937
3307
2107
7052
8112
5636
9535
6380
6091
9009
3267
4977
7931
7344
7274
3091
3206
5904
4150
4609
2687
3497
2894
6143
9
7884
6906
4015
3821
9710
3223
7702
7459
7915
9970
6274
8691
9151
7546
9313
3786
3815
6210
4717
1160
6459
39
9081
1527
3600
5816
6477
6100
1593
9741
1588
6645
7356
4064
5912
5359
8070
5308
2539
3739
8762
33
7226
3705
1197
7142
2729
8813
6537
793
3436
2324
9395
8467
4151
6666
3703
6938
7616
9700
180
19
6831
4649
8885
5872
9815
1440
6319
5899
509
554
9157
605
6652
7749
3919
8667
6280
3262
4881
2730
3690
3668
2979
3894
5756
8317
5333
7966
2448
7319
4549
2256
8019
372
6108
3979
9310
5172
9933
9094
5549
8919
8962
9131
3413
7387
8156
8771
435
8347
696
920
4333
169
1905
2066
717
2904
845
6749
1146
6543
836
8023
5165
9457
8295
2414
3047
5560
136
4455
785
6485
5508
7587
5589
1833
5403
7415
8106
7456
7262
5556
123
954
1872
9888
9739
5944
5575
9175
9216
9655
2167
7534
6182
3108
6175
1566
1210
9302
928
1184
7680
2527
922
7579
2395
6127
5181
7050
6718
7556
9959
781
3881
9013
2619
2229
1399
4443
8665
2702
1919
2925
5257
596
5421
6296
8969
4734
86
1124
1042
3995
3259
9660
5026
4250
2003
6913
7623
261
2076
8468
4119
991
1790
9972
3210
6855
7504
8451
3496
272
9210
1662
4123
443
6540
2651
6559
6032
4222
2050
8323
4039
1215
8462
1648
6956
4637
5276
5327
9687
7626
9068
3648
3685
8270
5366
395
1021
172
2063
6453
1908
6059
3013
1034
5734
3901
3368
8289
143
2168
338
1081
1448
3951
2992
1439
2708
3659
2768
7564
2856
5613
8007
3586
6404
1382
1365
5133
7107
206
5221
1357
5157
4908
9416
2500
9115
6434
6754
7337
7250
3589
4321
770
6138
5519
735
7704
9161
8036
4322
8636
4448
1848
6375
489
9864
7754
866
1039
8618
3125
4378
219
7211
4045
3179
4934
1840
6285
6224
9394
8646
1508
4553
5498
8081
9764
5583
8324
9847
3060
477
7866
9873
9202
8744
3962
4805
6421
2255
460
7784
4485
2222
5505
8196
5353
8863
2828
6782
566
7692
7681
8554
7837
3423
5249
5051
4327
8725
7907
9477
8311
3402
9492
5635
9173
3808
1290
1868
7689
915
403
5538
8949
5789
4869
4573
7267
2215
4985
7278
8545
6830
565
41
4170
923
2476
9299
9759
1936
4998
7130
3106
7261
9600
7370
5568
6314
9851
9783
3279
9662
8852
4566
5293
2155
3926
9282
4012
3842
9610
2163
8804
6566
7178
7358
3000
6399
8549
3465
4006
8335
439
425
1169
5685
8778
937
3837
7679
4230
7632
6607
1005
7416
6646
9485
125
7127
2102
8704
8
9408
7706
9130
5402
4506
515
4182
2713
2175
232
4724
7535
3139
9819
1619
4681
7003
8673
3568
1507
1595
1368
3070
9505
2492
965
1809
8090
1738
6082
7812
910
6635
7561
6378
6691
8638
8998
5194
9066
7799
4457
7323
4034
9540
5604
145
6615
2734
113
3873
3595
6206
9666
1446
5388
5778
5678
9536
8186
9519
4538
8563
1511
1771
6967
8017
8193
3067
5584
313
7580
5590
610
7875
3294
316
6822
476
8053
2582
5175
9758
4645
3171
8247
3623
635
8860
1796
4100
9699
2740
4245
410
379
1970
8898
3713
8060
6975
1677
7755
2966
9846
3115
2832
7154
1327
8747
9751
4301
523
3635
1385
6112
3516
3683
2686
6440
9103
7507
8263
1845
9232
4283
4876
9822
1118
8589
6519
5412
1816
5783
9934
2933
2092
4653
4221
4604
268
2202
5058
1484
7418
4326
4853
341
1896
6734
5864
9542
6018
544
4158
5072
6789
3069
5662
1531
6350
930
8849
5913
7434
5120
1571
9845
4060
3649
6905
5902
702
9449
2573
7599
9955
4287
2141
9129
2000
4215
7849
2759
2106
9295
9460
3218
9828
9309
6976
727
6980
3828
5328
7149
5131
6981
9786
8113
976
7963
6650
1349
3174
4718
5460
8579
6123
7421
1259
2021
8178
1010
4892
7164
8883
6236
4532
9482
8904
5707
6619
1409
1638
2511
4695
8337
1695
1933
6155
404
9443
9857
1832
9936
3716
1226
2875
8987
604
8367
7857
4438
8151
3442
3820
5605
8479
8800
5228
7792
7301
2640
4233
5159
4095
4436
1292
8232
5068
9180
8288
2340
540
9426
9201
5477
3923
2884
9380
6756
2772
9521
7423
9235
8642
1314
8446
8524
9276
1880
2198
7255
8887
5950
8419
8912
8497
7412
8854
6761
4397
1898
5301
2120
7024
7810
5803
1335
3673
3268
5123
8792
405
131
4274
3382
2822
870
7908
2793
9908
1067
9275
1505
7398
7132
158
7638
2676
6638
1315
7617
876
2061
9060
9634
5113
7064
6720
4509
2799
745
8245
5981
4911
3688
4921
9784
3542
8765
7604
521
3192
7854
4577
3493
3721
5697
7349
3321
7005
2312
961
5244
7863
161
2834
4557
3675
3354
5860
8277
6994
1909
6632
7980
8553
8442
4812
7367
7072
4827
4101
4374
1554
2714
7992
9188
3560
104
3224
8696
5719
2210
7054
6912
3428
9904
2636
8043
2472
8750
9974
2658
1964
6363
1729
469
2731
7381
6779
978
8142
6738
5048
5601
1161
6814
7622
3948
4803
8947
1788
7314
226
412
9762
9307
4196
9169
6354
8290
5139
6622
4417
8177
8842
4519
6510
4307
7037
6156
2030
8907
6794
1606
3482
1114
5454
2905
2386
9512
8220
9935
3361
4736
9980
8110
3722
2485
3665
4218
970
987
834
6261
5007
9476
3621
3387
9160
5738
3715
7637
5998
3191
7521
5843
5528
8321
2575
536
8568
9064
6663
6084
6134
4861
9436
2241
3528
8894
1316
155
4047
3587
6944
7624
4602
6389
3891
4929
5889
2858
5949
3879
7906
7218
84
4524
4140
6061
6001
850
7721
5866
736
2180
7424
6987
2953
9605
6366
3559
5010
820
5322
5594
3438
4880
7372
9050
8126
3265
7029
2122
9255
7010
7563
4057
8710
2835
2306
6205
1393
1252
5096
5869
5665
3798
2482
5156
1395
3707
8119
526
8429
7889
2891
7167
2795
3829
9984
9566
3145
6300
8603
8128
1568
8620
7977
9817
7166
3131
814
1377
8584
168
1751
4846
3967
1685
4440
4240
7429
7111
941
274
4800
2504
633
8109
3322
7328
3632
6742
6451
1225
2543
1322
2602
9229
4313
7135
3141
4719
7865
968
6894
5459
3242
9520
5818
2968
646
8427
1151
1135
7454
6413
2286
2029
7087
6215
8816
2505
9781
4786
5909
9111
5008
8662
3896
3364
1706
7981
3101
9191
3290
2195
570
2147
8604
2613
5147
4835
77
7320
833
8754
4186
2127
709
8228
1379
8291
9716
8619
8380
9171
4955
8717
6900
1240
7598
778
5229
7219
5449
711
3932
9587
9734
3653
2782
1822
6390
6462
6452
9533
3007
7591
2550
9085
1489
9102
2970
4676
2736
2496
5992
3359
4988
8518
7575
419
2264
3247
5625
764
621
7696
9999
7408
1838
9907
5824
1131
8525
5492
4847
1378
8810
6445
959
4750
981
6329
3605
7097
4927
9362
6458
6201
3200
8511
8471
1500
2563
7186
3234
7682
3032
8994
5190
4720
2444
2669
8389
127
9501
6609
2947
6471
6050
253
7245
1219
9721
9017
6272
6125
2624
7568
5254
6499
4953
5725
5267
9804
474
7092
9890
5896
5999
1222
1052
46
6699
8872
6785
5693
5373
6671
7342
6780
5744
4068
1479
7425
4293
286
1986
6594
5658
3630
4883
9132
9942
4388
857
6835
8576
1110
3230
6090
3002
4783
7231
5754
5319
6546
4029
8078
644
3122
697
3377
1458
758
9350
7652
5455
9018
2588
9580
1082
3754
5050
9345
2931
5838
703
3877
720
3921
7389
3658
8152
5278
7774
4276
4633
9223
5960
6269
4628
3411
8020
8925
993
9413
6694
882
1883
4025
4966
8599
6555
9881
8632
7137
3692
1109
4109
5768
3339
6106
5433
6416
5253
9932
7345
713
490
743
3480
5592
9992
8414
4698
1417
9530
8499
849
5925
2342
9855
1341
7271
3677
2038
6044
3606
4108
5723
769
1328
3120
1942
1550
9854
856
9577
9214
3577
385
1730
1313
2013
9311
6874
4038
400
4217
246
5408
9612
1778
5453
667
5799
9809
3219
5646
9616
1993
8164
3226
4623
2924
2988
4149
653
3263
5559
3330
9937
6579
5102
6659
3363
2945
4659
5497
9001
942
1866
3730
9511
6254
1597
8139
315
8457
1818
1684
8481
483
63
6558
1380
641
786
4769
9731
4837
1071
1743
943
6153
6198
9840
2763
1519
718
6574
366
5666
256
3183
8902
9719
6455
8899
6291
5108
4972
252
9038
4072
3386
955
8384
8370
8531
4444
8678
3853
9204
9956
2556
6936
9703
9326
7585
9780
8622
1567
4903
6075
7247
9035
9991
8991
2361
3040
2323
729
6658
847
6705
6603
637
3888
1692
593
6470
1628
6411
2186
8544
2964
9375
2146
1056
6107
6293
5189
6527
9813
3114
7970
5239
7602
9849
4484
9574
5676
7996
1709
8422
9684
3523
9442
4131
7565
7955
7751
9473
2572
3876
854
1412
5141
6843
160
5784
6721
8814
6873
8308
594
6904
1770
8176
4691
6381
1990
7436
1002
4608
6624
1999
6473
4009
4281
1600
9322
8906
5423
1223
681
9086
1688
9821
230
3889
8213
3237
3924
6028
602
5774
7253
5660
580
1669
9120
9900
9602
5384
7722
3970
8183
2116
2607
2742
6371
2845
5049
9441
7184
8739
4735
6242
8376
2977
8387
7214
3168
8331
5963
4930
2956
7061
8325
9089
1371
6879
2412
7482
4058
9293
1797
9843
7193
6856
9254
7512
398
6676
9305
9593
3027
8857
7293
2478
5143
6996
2009
2598
1705
6595
6289
9912
9352
5320
8084
7567
2425
1948
8472
111
2250
8180
195
3417
5640
3278
6576
9292
2073
1963
2792
8873
1862
7079
1637
5325
5349
8493
9549
3037
6553
2135
5286
1734
6766
8574
7485
4641
6565
4270
7880
1587
6940
5336
6834
1427
4442
6355
7461
142
7490
6736
823
5922
4548
3663
2396
3517
8360
197
8383
9853
9067
6267
5365
1754
8592
8201
1575
2467
7767
3273
8179
4754
9795
5839
112
2196
2244
3834
2299
2320
7967
3055
7780
2910
5815
4910
496
6802
4639
6169
3137
5032
5470
2839
8718
6054
6472
9915
5413
740
6439
6264
1914
7049
8115
2315
1234
997
2967
6539
5478
7610
7447
9219
4944
7124
1426
5313
8378
6406
7822
9641
5978
3161
8117
8936
1698
2737
8452
1282
4806
5831
682
6118
5251
6587
4464
5030
5516
1063
4759
7961
7934
2667
3691
3305
2068
4841
4030
6965
4116
747
5947
6121
5396
9537
2237
4597
9516
7397
6797
7011
5629
3807
3178
18
5876
9637
247
3190
5642
2749
8473
7032
83
2715
5606
8641
3236
3046
2382
8498
129
7208
5196
9649
935
4269
7916
3514
2415
3642
1268
7409
6911
5655
3972
8874
819
9811
7661
4567
8028
6608
4106
6160
6877
532
1998
1204
355
6141
1537
7690
3443
6203
5664
6655
7197
8045
552
8590
7334
9261
8734
8377
5255
5936
986
3650
6585
8297
4822
6673
9447
6295
6828
3651
1616
8758
3193
9697
3205
9997
4707
437
5599
7341
7500
3965
7385
4647
1105
5269
92
3760
6027
7383
1904
3103
165
9248
240
8319
3088
3331
1882
8594
9363
7944
9653
6548
8960
3228
9378
4801
4535
8214
741
7984
1386
283
2263
7964
8495
9816
742
3300
5415
1375
4790
8601
5596
649
9231
7668
4901
7879
5940
3208
3971
8676
626
2017
481
6768
5764
2438
8639
4589
7196
5679
7017
2011
6321
9034
365
6043
7263
7891
8243
3244
353
2497
119
4576
5750
259
1644
96
9674
7212
4598
6476
4380
4679
5825
3594
5730
1150
6682
8853
1064
8581
9810
9812
5957
1291
2480
5052
5158
5991
5905
5536
5067
3872
4120
5621
1256
5318
9551
5316
6703
8723
9112
1309
7912
5515
1888
7969
9557
1122
5962
7982
4010
1154
4775
2032
4646
3406
7288
120
7376
6602
5997
2087
7025
4290
362
2673
8392
8416
9074
2096
3679
2727
3264
81
8720
5833
9250
5304
6158
1641
4096
6512
2757
6752
7693
2217
9109
6218
8807
3177
1589
7001
2204
4067
4367
7377
5200
1769
9778
4854
2212
4447
6992
7658
6180
3862
6636
3246
6793
220
8587
2743
1241
5542
2558
4688
5927
567
5840
5724
7636
9289
6810
9522
2681
8848
6318
8328
3771
3014
973
1220
7945
7733
9824
3017
6310
3758
3176
3717
6556
3430
9469
140
9944
2075
1753
8440
5174
4368
8044
9425
1665
4732
6618
1983
7533
1123
1283
3956
8668
7976
4957
2564
4708
2295
1471
1128
9572
9234
4752
4111
5038
4670
1780
2766
298
6157
8763
4607
5118
716
1627
6760
691
3961
5710
6626
7112
2775
6103
14
2880
3840
7825
5344
9800
5956
6564
2781
5287
5086
7360
6685
2685
7676
5166
726
794
6423
1185
15
5036
2161
352
657
512
5217
3128
288
5848
5326
7234
9500
1117
2149
3169
4028
2365
9005
2817
9075
3367
8896
6711
790
2426
6428
4864
1046
6988
5702
4395
1971
2816
8038
4762
6241
4110
6717
4074
1445
3365
1625
3767
5154
7562
9327
110
2692
3787
4663
7496
5588
7559
7120
8846
9887
5577
5136
7550
6941
440
6862
9364
4891
511
4402
3672
6529
619
3119
7440
9183
3260
8415
6493
1574
4446
6036
3548
6620
5980
8974
9534
5881
5117
6841
7605
7786
4855
5600
29
2404
8024
3235
3907
9083
3474
2616
1415
5337
9207
8920
2341
1563
6884
5281
1407
4439
826
5593
1227
3562
7707
1915
9430
9518
2152
3854
4658
2756
357
9080
3391
4591
6910
2145
5649
8350
8261
816
4560
6227
4257
9744
8796
1604
1181
2065
9247
7330
8315
7103
5713
4555
1776
150
5500
1436
8671
8388
2777
6774
8602
8204
8655
5210
2034
8172
6040
1835
8815
5958
3256
6637
680
892
2093
542
8716
8908
7548
1702
6436
7973
914
5608
8808
2973
199
4147
6598
6161
3689
9264
6284
6628
8520
1358
2368
5419
1639
4782
534
3022
4737
3531
7726
5929
7028
557
95
8659
3706
5074
1722
5233
2645
8795
2516
9592
3146
1956
7763
2356
630
9296
7800
1551
7248
7750
8418
6431
5205
3249
984
6838
7088
2039
5948
8371
7547
9690
4078
7388
4318
4809
1100
6969
1969
9106
2948
7506
714
559
4409
6688
8735
5618
1324
7100
1036
3010
4413
2650
5331
3056
2409
4546
8928
2310
2108
8981
9014
810
7235
1814
6386
1126
9055
3527
3875
7281
1390
8959
4540
4611
3357
9324
4666
5526
2826
4651
5564
3414
1579
8582
1674
1926
2211
4831
7905
5717
3045
2704
6177
4361
4833
7620
1785
8111
7221
7188
6955
12
6704
3090
706
7772
5243
5386
7040
3083
1456
734
7081
645
6746
9712
3547
7919
3929
2245
4077
5417
4308
7832
1773
6505
8593
6567
1053
9722
5042
43
7450
74
1246
6991
5188
3034
1680
8871
2271
1679
6359
491
4164
3762
2785
1931
1007
1044
2489
1975
1879
4746
1529
2371
5868
1031
2794
1541
8104
6446
8882
9532
2274
3222
944
4973
9515
3458
6806
2169
9692
6557
6654
1580
114
5882
6683
3934
2859
2364
3615
1759
5857
2627
5603
4312
7669
1441
4008
7090
9346
8267
8858
7180
4306
6209
9647
7189
7351
1834
9727
323
9211
7258
1733
6208
9354
381
9433
9209
6932
6312
2078
8566
8864
99
8938
4960
7715
1490
3336
3439
3809
3005
4895
1027
5273
349
2420
1186
3513
4619
6041
4788
8097
8488
393
7586
2561
4811
7928
4352
2405
2689
4325
1649
5855
6245
3021
9740
5550
7476
2233
8093
9769
8617
6268
4785
5587
733
5167
7169
5461
8301
3708
7796
761
9494
8503
8741
4090
5987
2919
4756
3054
6923
1761
8571
5223
3601
9893
7390
4857
7921
5880
6840
184
8355
4023
3811
4169
8143
4256
466
7941
9693
9560
2150
387
6385
9696
3100
7790
6110
932
3922
3969
4486
2023
2490
5571
5069
5955
8786
9176
3536
7958
5203
8605
9400
5089
234
6930
9065
9960
3129
8774
5502
4829
4396
6541
6290
1133
4909
2585
5043
6360
2376
8132
6784
2847
9639
5064
8188
6729
1482
1106
694
1664
5578
7222
1991
3201
6897
4302
6644
2280
310
6037
4947
2787
3986
4915
2515
9329
2642
7009
9032
1555
6086
1781
5303
2293
8431
8393
9466
8390
7123
2863
5409
4984
4873
3470
969
6345
8439
4575
4386
7990
5513
1676
6600
294
463
1783
7210
7518
196
8085
9138
2433
3574
1321
3557
6017
4937
7098
5546
7013
4925
2960
9714
8942
7199
8399
8677
732
858
1875
7672
4664
6332
9136
6895
5822
7493
4948
2548
9591
8189
6918
8217
7830
6916
164
457
9629
7364
135
4085
6948
8866
6670
3351
2427
5657
7553
6731
2046
9069
5651
7761
7824
5982
2867
8722
5431
5258
8730
4887
8349
3253
3217
7044
5442
7106
1536
7413
9581
4073
8519
9586
6730
7236
2868
9613
7886
4990
2012
5005
8982
9376
4277
8806
8966
4346
1732
2454
9016
5907
5362
8131
7077
6995
805
6057
9168
8127
1483
9571
8249
1030
9798
7355
2238
8539
7686
4932
5404
6503
513
5056
3783
7329
5681
1876
1176
6815
6524
825
3546
5204
6033
2996
2943
7836
4142
1018
8167
7312
1351
305
5988
5715
4982
6474
9056
4309
8649
9683
5017
8209
8059
32
6601
6466
1973
3407
3209
8534
1596
5224
4748
5261
5607
5612
8226
4697
2288
3573
4139
6951
5031
5232
7797
9867
4005
6448
2545
4336
7986
2276
8733
141
3343
2232
9225
8606
9943
6361
1947
3641
9286
1055
811
8008
9315
1794
9595
2153
5284
7102
5487
9975
3
8523
6826
2262
9107
4441
3791
6504
9757
6858
8120
2406
9917
9152
5425
8727
2259
7526
6950
7187
7718
6030
7203
4007
7251
2703
8597
8470
7903
1887
6517
9508
8992
2101
9410
2985
7743
3136
9187
768
426
4872
7484
6488
8521
832
9197
5598
9450
6323
1710
9715
1202
8475
6657
2746
572
6533
1041
9938
2258
840
6530
8205
8343
8556
5439
2
9022
183
3949
5199
4682
8986
9573
1207
7176
4515
4040
677
9922
7108
48
7635
6758
6171
1177
7491
9747
4493
7978
1687
1238
9554
7765
5436
7042
1779
4727
1946
504
9669
971
3695
5012
2682
7842
2855
6398
9733
6901
9588
8118
2447
8443
5467
1897
3597
4340
3261
5830
6372
8709
7266
4304
6186
8567
292
4652
2937
3957
2818
1262
5677
8834
7093
7844
1168
8015
9259
4294
9336
700
8769
529
3358
2253
7942
3486
3987
1813
3476
3074
8895
4711
7043
2099
6943
5382
9827
5145
6072
4942
571
3195
1694
1802
6712
5121
1476
2597
3833
9678
8564
668
8465
1564
4433
3004
5668
9619
8064
3737
6986
1652
8657
1843
2709
9158
8353
9738
5148
9361
9422
455
6281
3012
8284
1288
4662
25
6231
3097
4033
6013
4421
9062
583
98
2367
228
3861
9369
2851
9627
9941
1016
5776
7467
7628
1418
8182
4056
4534
4889
9548
2808
9049
7974
3385
8918
9319
4216
8609
4422
4536
7380
6854
4772
5780
4086
2330
2672
4525
2192
7997
9603
1740
7814
2576
89
8424
264
2187
4594
4066
8039
7315
1278
6755
6639
1300
8397
1691
2748
8033
5377
1420
4587
9638
3292
9797
8888
2677
9243
530
5813
9707
2765
1824
7873
1166
5632
7014
9215
4163
1369
6792
6142
8835
3309
8562
7985
1911
9702
1289
4970
1370
6790
7736
3092
78
7469
6733
7539
6357
2507
5312
1954
7056
1854
7105
8728
623
9575
4425
2885
9277
2408
1478
5391
3199
9257
6630
2879
8346
9285
3392
6306
7688
38
6642
7815
4042
3126
3469
2503
7926
5775
2837
5894
2773
9403
6506
2206
6012
927
5795
658
3059
5777
835
9964
3608
378
5097
2375
8304
8246
7950
2525
5427
1829
1156
1103
2840
9584
8537
211
6165
5484
8715
6871
176
904
3960
3911
137
4588
7428
8911
3006
1634
5521
9033
2026
6235
7687
9301
3366
1699
8598
6475
5076
6338
7858
843
5581
3824
153
547
6723
7365
1248
3598
5786
3869
7930
354
1608
1085
4784
3927
8391
3427
8844
3920
911
3495
6623
7835
7983
2721
8946
1450
2570
7852
9181
9077
1752
1851
4832
634
3964
7946
6450
8540
3023
9098
2893
8040
3501
321
59
2652
9401
6820
3462
3215
3393
7162
2221
9246
2502
8993
1974
8072
1582
3575
7125
674
2437
8329
5820
4900
2821
6265
5059
8964
4228
5134
2028
7724
737
7198
2391
2328
4917
9475
5573
4814
5770
2445
6775
198
8005
1356
262
2165
267
1211
1174
4950
4774
9754
1083
6432
8307
4642
4763
5684
7793
5225
8833
386
3030
8432
8266
9993
4808
8455
4315
7259
9273
4512
9099
6750
2151
6250
5237
4204
6947
9002
3153
7649
281
945
6842
4510
7229
4495
8333
6853
5029
8527
8401
5969
8931
1306
8029
6836
5545
5782
7965
4878
5667
7338
5355
918
1008
4974
8979
10000
5565
1172
3302
4079
2733
3240
6168
5160
3477
4600
4187
2921
8487
1907
7249
4776
7478
1937
4993
214
9266
627
7422
9875
5530
2434
329
3890
7020
7968
4303
3434
8542
7517
5310
3348
6949
8767
2526
3399
7182
6035
2631
100
1028
9701
2838
1624
6364
8865
4242
4408
6713
290
9222
2830
3323
4813
11
5501
9053
6298
9003
8812
9263
6046
5186
4001
4236
2383
271
2697
1562
5247
4373
2410
6014
1175
7324
1602
3610
5931
5737
3800
1323
3897
44
7900
7933
5910
2070
5648
9252
8009
3052
2252
7053
4292
2084
6211
6279
7699
449
2267
7317
590
3731
9143
1857
3535
639
3058
4710
1762
3582
1130
8595
5479
174
4860
5434
3841
2300
8681
4212
1086
1363
1147
7402
1959
958
4490
3917
4771
2668
4943
1570
9745
5639
6174
3241
102
5852
3425
9212
952
8878
6490
5103
6005
5219
7709
6418
6184
5169
8256
4596
1163
6799
804
7113
2345
662
6146
6166
5524
7769
8784
6922
5879
4475
5082
9095
1345
9137
5280
3025
6561
9750
2674
8901
7353
3830
533
7403
9037
1195
977
9680
8610
2841
5372
9550
6243
9498
1311
1107
3342
1560
6767
5343
5751
13
2016
5954
3930
7899
4377
2683
1148
4605
1267
1466
3580
5919
4398
6067
998
9198
725
4768
4654
147
721
8426
791
3551
5151
5009
8260
3757
257
3281
3655
9233
5348
3076
9528
9113
948
5844
1793
1512
9844
8790
1689
3596
4259
2778
616
797
360
6139
7034
9947
4504
1153
6422
293
6460
1601
5262
724
5790
1683
6679
5785
8721
7233
8651
3709
6163
7572
4278
1807
2538
3857
173
4227
5176
2090
2767
3394
7630
6511
488
2596
282
417
6783
2633
50
931
7882
3418
7776
3156
6327
3908
7789
3028
193
2660
4458
8932
8197
8413
442
723
8862
8726
9859
506
1590
6299
4614
4255
3504
8425
7909
3187
7481
3667
5013
5680
5638
2062
3233
7543
8363
5779
6778
9607
3836
3694
3333
9631
1411
974
4830
1231
8294
4848
317
3312
2595
8876
6584
118
2148
9544
2690
1279
3346
7988
6424
4188
3736
3444
7732
1731
9576
6257
6486
431
3878
7128
3099
4574
9706
2337
4767
5122
896
5797
61
3790
8847
4355
1050
4761
8832
3845
9507
7185
5083
2707
3117
1419
5562
2005
3622
1405
2372
2506
4089
5993
9882
5711
5435
5763
701
4840
3288
890
3483
4052
5817
3461
2191
2791
4726
7179
6710
7265
7695
9490
3384
2292
7781
4265
2802
3925
609
3080
8614
8092
6172
8923
2047
7047
7194
4743
7477
178
7677
3019
3211
7615
1661
9645
6946
5661
7309
4341
9617
3892
555
629
7260
4080
5393
9644
7126
299
1404
5672
900
2316
6491
8569
9622
4177
4105
8937
6147
5888
3784
2109
3552
1244
9753
6304
2869
1622
6438
7452
91
6743
585
7339
4579
4882
339
7457
3959
5610
8797
326
9876
4241
2045
1090
1667
3109
1326
3051
2932
3282
9167
8185
4366
2608
6542
1629
5895
4041
9368
5025
5405
4214
179
1394
1646
2463
8658
7673
212
656
9116
3540
9973
5307
6614
8653
384
6680
3859
5357
9968
4031
5073
6273
8757
3453
6004
4219
4896
9884
4678
1115
773
818
4819
3440
1011
1804
5850
416
7700
4263
7474
4190
5563
4629
2440
200
9006
5114
6536
7290
3543
88
8080
1343
5162
497
3701
7046
1032
628
1708
8075
589
5137
9998
346
3102
1874
1924
6551
6886
9070
8585
4466
3756
4975
8950
4758
285
6882
4055
7678
5740
1276
6395
8147
5691
3167
1132
3277
3319
5554
1945
3134
3906
148
5616
6933
2510
9030
5921
1672
2302
351
7133
9398
6341
3579
5400
358
2752
4154
9100
8202
9367
8300
1192
6288
233
1612
5878
1810
4459
640
5810
7505
7192
2460
3374
3660
9541
6309
2001
5011
337
3765
4791
3437
4296
6335
6545
8034
1372
499
2456
2125
1889
9444
1659
8375
9705
4638
9651
7297
3714
782
7759
8695
4416
8811
1549
7475
4760
9388
2139
3976
2231
9989
241
6668
7939
4046
2745
1806
364
9861
8652
9205
6192
1416
318
1475
3071
1243
4093
4862
9488
3617
6159
3293
2622
149
3593
5065
3148
7609
9957
924
8016
3499
7888
3033
5996
2156
7576
777
2133
5727
2694
6890
3570
7519
6129
9028
1424
201
7411
3795
3204
9578
2684
6297
6144
4114
3020
6414
5448
4561
9986
620
7256
348
3899
5295
686
6016
6011
1253
1488
6722
3220
6578
652
6457
3782
8818
7659
9020
829
284
5475
8690
4473
20
8485
7021
9924
7170
4952
7932
4593
2309
8175
1850
8032
8366
5652
5332
6131
4206
273
2634
5268
2872
7782
2755
8913
8644
4667
8679
7834
767
9579
3526
4494
1632
2097
5179
2007
6795
3347
9767
4523
7869
4003
2720
7653
4747
996
812
889
6164
192
2836
7656
6391
599
9852
5532
4986
2431
9150
6883
5760
3299
705
3270
8856
8988
3831
7335
5201
4176
5926
5383
167
6126
8340
1350
7581
3946
1877
9834
2275
2994
5976
3082
7853
4787
4452
9979
162
5729
8536
3990
8541
4987
5520
8100
303
3947
6660
2635
7760
5735
8447
5034
5078
1187
1704
3285
6194
6846
5185
2876
9748
8712
6196
2801
9128
9479
8793
9914
3550
872
8116
2055
8817
2530
1584
6019
1347
704
6726
4179
5227
2680
9604
564
1348
7065
3511
6228
1668
3847
551
3755
1873
7885
2389
2565
2257
8322
3793
1727
2416
6079
4002
500
3520
4107
4871
582
4138
5690
1517
5044
9306
8407
7541
4621
9885
9043
7414
5003
1075
8239
3185
5898
4856
2552
1487
1119
5865
5802
3849
5016
752
8066
9870
960
5845
4018
2987
4963
3289
8985
5990
2329
296
3810
8274
2741
9735
3420
851
9552
6515
8411
1137
7202
3050
2052
5534
8772
9842
3941
7310
5178
1917
3410
5381
7333
7987
5314
441
4102
921
2027
8316
4583
7874
9539
2035
2520
579
3799
494
9730
1112
6408
7069
6213
8279
2630
617
5965
6216
8683
4370
9899
917
2287
1159
6237
6052
8703
9765
1528
7664
4365
6583
5647
6346
6604
7738
3043
7744
1654
8702
2555
7536
2377
2481
371
830
1902
7131
5274
9092
9249
2185
7449
1209
1453
6275
3803
5887
9689
7396
9547
6891
5731
1274
1678
9164
2166
4295
1864
5164
4205
4200
763
7348
2568
9650
238
4706
8477
495
3816
1346
9596
6179
8230
194
800
5804
8373
8219
5586
9110
9746
3846
9162
6154
9802
7270
7350
97
803
5230
7762
2439
7426
5619
6700
985
7544
947
4940
9105
4428
5002
6627
7441
319
8165
7327
9011
4051
8052
4905
4427
4729
7694
5420
8046
3140
8516
6725
827
1218
9236
3900
8450
4338
9818
1621
7430
7742
8234
2407
7168
9945
4146
2357
8211
7148
3931
4894
4481
2976
3061
7246
3398
343
7712
7998
9567
7283
3189
6437
1775
368
2174
5098
8394
5633
3935
6051
5529
4643
9271
6866
9159
3662
2022
9145
6708
5798
6334
4127
906
708
8570
5443
7936
4766
6015
4499
6562
7140
6415
278
4501
9240
6513
5452
2803
6481
3135
2691
9657
6582
1839
1108
7241
7821
4961
5092
7331
4715
6348
5369
8829
9524
361
9228
3306
2735
1270
5214
76
1657
2358
7227
1431
3390
3112
7470
6433
1922
6105
4731
4118
8341
9913
4793
7134
93
7551
5100
106
4379
756
1847
1143
1245
3832
7520
5558
3325
2177
3628
7114
2430
9166
5063
2126
7757
3508
7829
9794
3490
6875
1398
6042
8478
9929
670
7813
56
1293
6468
6811
1037
5111
8555
6651
5401
1697
6800
744
8843
2074
5915
3592
2623
3684
8258
2143
2381
3583
4612
7597
1098
4411
7068
6550
4375
204
4705
2339
2776
5572
6353
7448
5488
5747
679
8252
1113
2980
1229
2261
2549
9772
4347
6907
3740
8731
9779
4456
115
8306
3498
9556
6266
7141
9892
2648
3629
6336
3011
933
801
8828
2890
502
8148
8094
4556
4141
5890
5450
8532
3152
685
9883
9630
9563
394
8287
6888
9114
6305
1452
231
7464
1073
5324
1493
2897
2913
6917
3913
4825
3778
7902
6681
237
5827
7502
3643
396
929
2359
1381
2940
3352
7282
6053
8354
5514
9340
6523
5202
2824
2833
4162
1295
5153
2732
638
6258
1101
6885
3584
5055
4781
663
2603
7531
1465
5085
7067
82
2900
8929
5674
4088
4203
6308
5630
5447
2906
6387
9126
3488
1599
3144
7019
1015
2332
5000
1422
8122
8338
1605
2208
6176
2864
3886
2351
9872
7346
6396
1966
1068
7655
9736
3481
8001
2349
6648
9698
4636
9585
7833
4432
4253
7618
1987
9227
6769
7494
6410
5429
1142
1962
5499
1940
3863
4480
4559
2314
4648
4622
1514
5241
7729
6104
370
1552
266
5395
5473
9428
5112
5037
2432
3997
16
8687
5220
7773
5389
9397
2453
6868
9531
6384
9606
2798
2877
3487
6538
9280
578
7788
7177
6845
7406
4899
2578
6770
4032
5946
2072
6244
8365
6667
887
7086
6909
7201
9258
9472
8517
9920
6248
203
1164
5489
6928
9836
7300
7004
3852
5211
5793
7325
222
9911
7215
408
2468
8788
8444
3812
1247
695
4849
2944
4246
8330
1855
5911
4403
6568
1884
867
9628
9474
7555
250
982
9097
2711
6270
4694
2605
434
27
4183
6070
8006
308
4902
9538
5974
8158
7207
3064
5110
1051
1280
301
3123
624
3231
6500
2170
3250
7717
1239
2071
24
8824
3880
5908
6899
5334
3711
9879
4354
516
962
7153
8259
9241
8404
4884
8357
8173
8057
4465
4161
8506
3057
73
2499
2903
1978
6239
3827
1060
9517
939
7417
7920
3432
5119
6221
6514
2649
103
1757
1084
9737
5075
6292
775
584
8031
5081
1217
3035
6588
51
5742
3693
4520
6287
8076
2747
6689
9483
715
245
8672
2304
5027
7099
4590
3353
7308
5510
5973
7257
592
1286
5105
224
6324
9284
5979
3745
2907
2218
2580
2997
3355
9381
748
4013
6317
464
9632
7524
3158
9051
8166
531
4267
1803
6661
5240
5046
9079
2455
8293
8588
6999
7437
8823
9559
3698
4020
4199
8374
1496
6207
1302
2725
3893
9039
7989
9389
1844
4886
8235
5741
3640
8433
5656
4792
2194
6113
3408
9837
5509
3704
4866
3599
2541
5171
186
9903
611
5140
2770
2724
6878
5886
7159
7847
3424
3984
8423
3401
4672
5149
5716
454
3981
7066
2401
9489
4741
7675
3988
2350
8955
7768
7269
1435
1179
4360
7292
2297
6195
9523
4704
2449
8264
886
895
2140
4050
9365
6328
4530
4297
5311
1462
6914
7595
6259
4613
4357
7224
1145
9270
5394
5463
3996
7917
1430
8074
2464
5602
9926
8144
6808
6997
9909
130
6151
1746
5490
577
5192
1532
2279
4517
1189
9359
7594
9421
6675
8159
1941
1786
2982
4359
5033
3373
4305
7216
7419
2002
5808
3748
8972
3162
8711
6099
8867
863
3075
4978
3998
6442
401
5496
9456
3983
4104
2100
5077
9117
1846
5540
2512
6516
6325
2610
9891
9862
2993
438
3999
3078
4258
128
9691
7952
4797
3214
988
3473
7336
4202
4531
8529
6441
7570
9865
1815
4264
8995
5569
6277
6023
6425
4852
784
4655
6170
2488
4468
7648
3670
5444
320
6939
7918
7252
4794
6025
2465
1997
4938
6326
3404
9432
9452
4919
510
8897
7823
2806
6669
8839
5682
899
4334
3681
122
9601
170
9415
335
9437
1261
7080
2236
963
7465
9928
3456
409
7798
7940
7923
905
9355
5961
5407
9463
751
1469
2294
6684
4132
9417
3993
871
2969
6727
1344
755
3773
2321
5340
8083
5748
541
1795
7458
6985
9149
7122
4946
5762
6935
2363
6055
5873
4319
7883
8309
7286
6394
4689
4828
9090
9718
2592
7705
5180
8956
8332
2874
2659
3283
101
4356
8463
7670
7243
1273
3132
9193
3198
4851
3855
731
8939
3015
957
7731
8386
4599
3207
607
9409
9682
9805
568
9238
8067
2370
9418
473
6255
5749
421
9262
1903
6589
8061
3194
6230
6220
4496
5035
6970
6322
6197
9953
9484
7075
8275
8135
3124
665
7136
7845
8837
5414
2998
8779
4244
2322
7357
8221
5198
9335
8103
6214
6343
2804
7051
9468
712
8062
3337
1576
1091
841
9962
2334
7433
8743
1913
2915
2226
6903
2615
6763
3272
3887
1989
7818
2178
8615
4059
4048
2517
3885
5952
9192
6692
4728
459
7816
2216
8054
5582
9052
2214
8410
1923
5757
8011
7237
5341
6080
8663
5701
3457
4461
1266
2111
5346
3422
5696
9636
7848
6921
1188
9439
647
2479
1062
7155
6020
4451
6706
5856
9620
7094
3774
6492
9027
9496
7410
8538
5222
1162
6791
7590
7826
72
9042
2718
152
7225
5476
57
2542
9981
3484
1610
7855
9923
7171
3340
8664
2225
4054
1901
7326
8265
9720
2571
6320
2678
3613
3291
5494
7716
406
5637
3545
3805
6929
9396
7862
8102
4773
2860
8369
4751
8490
8449
5809
8445
2082
4936
276
4299
3616
598
575
1808
8550
848
8879
2228
2594
5363
754
7971
1043
1473
5531
8666
7239
3113
9609
853
49
5245
7200
1981
4550
9775
166
1787
8003
2112
7206
5279
3446
3395
9471
4266
2961
3963
2923
3712
8169
3036
9995
8922
8191
795
4823
9344
4544
4004
3794
3822
6152
4128
4248
861
8458
4505
6592
7316
2290
1491
1828
3435
9208
9391
4922
9803
8631
7839
3318
4693
4585
1298
9672
6735
3311
7663
3519
5557
7820
9985
9076
5441
2554
3163
4527
4951
6240
2498
1765
2712
3389
4474
6962
4650
3038
6263
7881
2104
9063
9777
7008
5392
9308
8608
9793
5364
2911
2114
3865
8149
2501
7929
6008
6701
4195
1585
5641
1598
4390
5138
5128
8826
492
9342
3301
2739
5561
8851
6665
2827
223
6640
1058
844
7472
4213
2981
3216
1201
539
7838
1916
1383
5624
450
1826
6178
7165
707
6610
5397
3203
8278
2103
6034
1171
55
501
9012
4358
7647
2190
2419
2638
2144
8640
470
2474
2946
9134
3939
2829
4779
7374
5885
108
6945
2700
7368
4962
975
3843
553
3154
3116
9486
8921
107
3742
9119
2188
1701
7802
8379
5626
9464
8406
9320
6356
5796
4209
8199
5800
5659
5195
2574
2566
314
4931
808
3539
7698
9390
2411
549
9676
6068
6383
2901
7045
4703
2918
9679
8997
4804
5945
6977
7600
1609
7183
950
6199
322
4454
4145
4392
1355
8420
8916
5146
8630
1546
5551
6593
4324
7525
4907
9569
3172
3467
7723
5574
5794
3634
5079
9796
1236
5060
3426
9190
144
2390
3388
7036
2260
4661
4799
3741
852
7446
4868
8385
3700
8629
1583
8129
4569
4387
6370
7083
9406
9440
2870
6544
3940
4075
614
2620
8869
9514
1129
1670
4640
4420
6851
5984
4657
7775
5726
813
188
3416
3636
7023
1338
9481
5805
6189
9502
8461
3974
4238
332
2272
4160
5354
5766
6695
6331
9142
556
2142
5663
6850
4684
6876
9298
7864
7378
739
728
7850
3928
1719
8952
581
824
5535
2939
3345
8099
6617
4284
839
9729
1630
5937
2495
964
875
2484
8909
4765
2518
6821
4144
7643
3781
7230
4237
307
8042
2941
1038
5270
655
389
4239
1004
2277
2388
2181
2421
5977
3991
8344
7321
2591
9681
8802
4036
9971
9770
7691
5298
54
9558
4181
807
411
6039
6029
1492
7362
1140
1569
5585
3147
9829
7104
3350
229
6064
4344
5375
6094
9983
7867
8486
5090
2157
3026
139
8661
9860
6880
3329
243
4615
3914
4399
6971
6934
7195
5352
6373
1183
3537
9420
2254
9402
9527
4174
4603
8146
9467
7639
1331
2043
6844
4153
2086
527
6719
1711
9360
8963
2643
2040
399
1104
8675
8983
6007
9799
7791
9279
6509
6518
7015
1707
6311
2303
3614
7394
1095
6071
7811
423
4971
7896
4152
9916
2800
7138
9374
2853
2989
4935
5226
9503
1198
9832
2679
4865
909
1749
133
8526
1650
8530
5358
7651
3089
6313
3720
9393
4562
3753
7284
3763
8910
4279
4492
6077
1950
4996
482
3494
1444
185
2626
6232
8448
815
4618
3297
2098
244
1892
8382
1093
3041
1985
901
2138
1592
8753
5323
7213
5683
9949
3909
8794
8533
4665
8318
9743
1539
8958
2248
3188
5485
8825
1087
5939
6454
4300
2644
8967
1275
64
2387
80
4817
347
8634
5142
4262
9465
3018
7654
8358
699
8298
926
3157
8336
6898
3565
8195
1061
692
1120
4516
1935
9427
8701
9752
7831
5398
6463
6339
4507
2965
486
2632
4405
7657
5235
1421
2466
373
7589
8223
9189
2336
1618
6351
883
587
9294
2179
8359
8971
7152
3561
8048
8737
7473
1516
9509
9256
3631
2399
7734
8820
7741
925
4401
6796
8827
376
9044
9952
2914
1673
9328
877
429
7887
6167
8941
2814
7151
4885
9148
4542
5104
7868
7552
6188
9163
2670
7279
5859
6860
1470
4571
631
1319
3938
4625
2394
7071
4877
6246
1760
45
2224
3275
23
484
5792
8688
1789
3452
8168
7438
3904
6535
5350
9661
5811
4137
1821
7991
6
6715
6998
951
4969
1230
5654
4834
5440
4744
9287
2546
7994
6021
6786
8855
7685
5597
8903
9831
6672
1841
9459
5877
989
5187
7129
4867
7577
6531
651
1434
2331
6066
8984
6606
9785
9963
6656
2441
5767
5527
6892
8990
356
1214
4816
9806
7354
6662
9091
7631
7777
8624
934
2378
1744
1200
6402
3977
5093
9404
3524
2385
3785
6621
3612
9646
461
6686
4778
5924
4818
5466
1048
8945
9570
5671
3759
8836
7860
1054
9156
5971
9978
9695
1558
746
8935
4656
1384
2726
2942
9732
5493
8339
6461
4429
2443
4810
8489
1867
6521
5471
5482
8868
6852
6249
6707
7431
1413
6757
8914
9673
3084
3110
79
5842
676
236
753
6532
3286
1070
8560
664
5858
2374
8482
5555
7116
4508
9940
7713
8428
4500
3563
1758
5507
2227
4777
5851
7953
4709
6229
239
4949
5930
8079
8271
7613
4339
3958
1548
2265
4016
1881
468
3898
8286
8573
7601
9078
561
3609
8051
1047
3864
1332
4198
6190
660
6745
3151
2823
5985
1402
643
9594
881
7119
4753
4564
2473
5024
9562
588
7827
4888
