6956
3601
807
528
7640
6755
9107
5129
6079
7897
7296
804
608
2725
2233
2706
3888
3277
8689
4042
5608
6682
1671
8871
9189
9013
5159
7249
5842
117
2448
1907
9593
6407
8842
7100
5091
5884
7531
1049
8016
5943
2962
6861
924
2903
9977
864
2769
7993
3714
9222
7833
657
8472
3125
4043
9265
1154
4420
8307
4736
3203
1676
8169
2000
1122
7488
654
3315
9550
7958
5925
5012
5962
2732
7473
2920
1510
3925
1492
6163
5987
3450
6318
2579
4973
9638
2643
9011
9818
326
476
38
9471
9900
5729
9350
4622
7799
1806
7628
6151
8211
7596
8921
9065
5323
3503
5033
2175
5216
936
1570
5872
8343
7751
9181
2936
4536
212
2997
6042
8540
2086
9741
6698
5738
232
4201
5351
3846
2507
8268
9104
4157
8580
2783
2720
3957
1910
687
345
1064
213
182
8633
6424
5801
4100
4490
8204
8432
7809
3596
6433
3406
1050
1070
9524
5496
7928
9264
5278
4659
5098
6572
9393
8172
8379
9352
121
307
3296
7243
3883
3078
2939
9405
5071
1376
9340
8553
3074
1432
5157
7075
6645
5845
9070
3114
5646
9172
9473
8011
3984
1771
8427
2045
3399
547
720
836
2269
7822
2012
3134
4797
283
9928
4792
3536
7594
317
5583
466
734
1869
7324
4123
3900
421
5394
2671
7039
2654
3264
2118
3580
419
3508
4356
6701
2676
961
7556
3113
1024
4953
5151
6152
391
2436
2363
6839
4346
1030
5844
9252
1453
246
6811
9647
1877
8876
5573
7345
3022
979
6078
8412
6858
3330
9715
168
8405
3791
5787
8802
3909
5298
3644
5796
5478
1871
8223
8668
4968
4022
8736
4549
9503
4598
8890
9245
3647
1874
1921
1225
7210
5843
8125
6768
7115
9223
1257
8489
2236
369
4648
4848
1147
5414
9666
7962
9581
254
7301
3477
4616
9423
4582
2177
4539
7056
3849
8213
2017
4663
8122
1368
2929
1998
3646
4453
6856
6713
18
1428
1460
3255
8773
7260
230
9046
8769
5028
6963
6992
652
1044
9880
6582
830
9185
3880
7507
8113
2711
9547
921
7147
1630
9603
2949
1405
5124
2846
4718
5393
2251
62
4893
9701
4416
512
4759
9686
418
4176
5702
8755
1028
4158
2149
777
6577
7757
2953
1621
5072
2253
6442
1136
7648
8311
9980
4293
4620
8063
2961
8868
2996
5698
2814
3149
7311
1892
5377
4142
5265
39
7264
1238
5032
9238
9094
8358
1970
142
7225
3730
2849
6430
1527
2626
5860
5650
5813
5897
2678
6791
4860
9538
9716
932
3084
9139
5457
1687
4432
1128
3402
3999
2409
813
7665
5628
2291
1270
3338
7294
6241
1546
7446
3373
8209
7438
6685
3451
986
3566
811
5329
5252
1883
5488
3710
9247
6576
1814
4323
7786
8972
6532
3913
1589
5387
6480
2229
8174
1652
6461
2495
1915
2855
6244
7148
459
8005
3801
9802
7222
5067
6819
1401
2390
5224
1009
2347
3463
5120
1206
4329
2680
1752
4609
7695
4555
2728
7459
2312
7462
2040
8749
8250
7218
3962
7389
9212
290
9015
4899
5875
1422
8337
11
6690
8738
7037
2611
6539
9109
9736
6139
922
1431
6779
4895
7842
8136
5415
6329
6268
7776
7005
8400
5609
3105
7286
7487
9755
8670
1984
7610
8406
5520
7932
1857
3940
7070
4806
7506
8513
678
2956
6759
4479
3249
9831
3976
3404
5955
7353
7630
3201
965
7051
6913
4552
8997
2403
4296
7228
77
826
2228
9944
8336
2897
7656
1863
1833
2972
7383
5744
1653
8904
275
191
9057
4209
9149
2933
2681
5230
1641
520
3851
4809
9704
9386
7957
643
8776
3215
250
1938
8370
6332
6218
1933
4544
629
380
8956
9030
3093
2339
8907
1935
4461
9179
6561
5635
3563
4481
8941
1483
329
3568
5752
8993
4199
9150
3024
1550
1276
5900
7721
6001
7031
3039
6178
8721
70
3673
4362
6914
1732
5191
3669
7930
8173
8244
7299
1804
3527
6090
6786
9691
3561
6911
4959
408
6260
9440
8512
36
2481
6859
2758
5593
6447
5708
2301
7664
1438
54
2600
1337
6273
8566
6625
469
1776
9050
4320
3342
4992
7171
7036
8815
7586
5793
7874
3335
4915
9743
3786
9974
8228
7937
4331
8958
9511
7448
2710
5703
1426
2350
3424
6371
7522
2272
518
3097
2289
9936
8421
7687
347
3461
8345
8168
4018
8479
2219
8050
4283
8035
4777
6999
9592
5737
3116
948
2829
8911
2030
6131
4338
312
4742
1278
9571
8142
3462
3360
1112
8252
1890
7
7943
2180
4314
4151
2143
7356
2934
8349
4785
3965
3733
6193
6349
4735
9957
7079
2955
6180
2694
831
9079
3102
5799
7722
3437
3027
4185
931
8265
2624
8443
8076
7246
2401
1767
9833
8669
6452
8740
9258
443
1474
2422
3683
6737
878
2531
1202
4804
7330
2392
3401
7890
8101
8353
3076
4183
21
3174
5554
1811
1366
6376
7879
6879
5325
65
7026
3602
8623
9406
3850
106
5615
8730
9879
9517
9206
1711
8968
6286
319
323
6274
6175
564
6204
577
8188
2490
8065
8647
12
977
6379
5775
4234
8848
1000
1674
6503
8038
2440
1997
6025
6375
8398
1856
741
904
26
4315
4741
1692
4211
6694
7804
1517
4634
8333
8014
4996
1
9724
2158
4233
6552
23
3382
2735
3691
8321
2399
5726
8691
5188
7016
4261
8210
8317
6177
468
3943
3964
2016
7109
7132
4700
6194
7409
9631
1187
2544
8559
738
1391
195
6520
615
6752
5101
8374
2570
3325
7284
762
3835
1512
2161
3131
9271
2540
7380
8563
8793
4800
1631
7654
7505
9794
1706
3405
8109
6966
6809
8382
9935
9731
1924
5970
1148
4600
4500
3924
6084
6012
6227
1703
149
4522
4438
7033
368
1800
7988
6901
9679
684
7463
1673
4164
2296
5482
3121
9780
6003
2983
6272
8428
8787
3685
6796
6541
7736
467
2342
9188
6959
8851
9764
6062
4812
4137
465
2824
8590
3080
4859
9270
4098
2782
6536
7840
1573
6646
5170
6815
4491
4708
1133
2836
7817
6490
7575
7048
6143
9583
950
8900
7760
3265
6910
1675
5810
8717
3003
7439
6365
8054
8031
2647
8834
3843
7981
8584
3954
9424
72
4977
2593
7364
1180
5892
101
9157
4896
1059
8098
3970
2813
9263
6876
5014
5064
6072
9307
166
1393
9548
4347
2672
7034
9777
9903
7769
7846
7080
9811
6948
1494
268
2952
2974
194
3246
4411
4330
9577
2337
5434
2768
2559
1979
5853
2430
6530
3633
3349
5997
8458
4818
7275
6722
2404
3556
4281
4027
2591
3337
4038
2633
8451
4486
9233
7855
8884
8753
2506
5633
6353
843
3666
3576
3746
2361
9709
818
2669
7363
221
7589
2384
198
8813
8528
9991
6944
6617
7868
7190
4015
943
8858
5389
8517
6331
2455
525
2828
6086
2990
7391
6732
9584
8885
2840
4295
6521
8995
5618
9282
288
7731
8592
451
216
3707
747
2850
2887
6696
2716
589
2691
8887
2800
7414
1794
8724
972
7652
9450
550
5200
9920
8023
7103
1266
2862
5688
6267
6853
2067
9144
5180
9330
2714
5653
7608
3478
4349
9299
3385
5449
7336
3388
8835
3812
8794
1849
1557
2866
9339
9446
5532
650
4754
9266
7724
2698
1905
5198
8207
7004
2082
6205
3642
6398
9105
156
3997
8777
438
5087
8862
8762
8965
8783
3539
5852
3662
9674
2919
8183
7066
5179
5671
6708
7917
9315
7457
7170
1388
8134
544
8397
7315
8661
1013
5971
8694
3060
9628
132
7483
5531
8585
6243
3736
233
3589
6639
1815
6707
6406
1209
3590
3762
9113
3341
8945
1164
537
4227
4406
7797
953
7369
6919
995
7156
4253
1978
3224
8029
2659
1751
3333
3
9728
1873
7591
8243
5614
2010
4198
2596
395
2775
7406
123
8264
6054
4832
5914
1083
5655
7283
9699
2774
4578
6232
4575
7266
764
4312
2511
4264
7318
7712
1975
6118
1882
1744
3413
9888
5645
5059
9497
4154
2835
5791
5250
7165
6203
4764
9469
7421
6410
6280
9793
7525
3720
6863
5639
6075
3626
4488
8893
5736
8129
4403
5116
513
6798
2382
625
2032
5104
1457
4862
3488
4232
3821
9396
9039
208
9128
6842
8577
2333
8055
7710
2981
2789
778
5452
3607
8780
9455
2532
5910
25
3166
865
2087
2844
1531
9890
7895
8613
4918
1850
9558
4585
8420
3930
8626
5316
6810
8795
141
7704
6171
772
8419
1420
5413
7499
2864
1169
1333
107
9954
3101
1228
9769
7268
9035
6557
3747
3773
1351
7278
7405
8135
990
859
4235
2788
5374
2173
8366
6162
3742
1628
5221
4932
4
2345
566
998
3687
1048
5539
5383
6477
2178
3593
7340
3481
2186
7843
4053
9033
8298
8254
7858
553
2113
4728
5840
573
3559
477
3660
1632
4611
6170
5754
4592
3637
8047
3594
8051
6389
376
929
8219
9526
6380
4606
6064
2033
5136
253
1296
6507
2905
646
1132
1248
9576
7310
1468
1704
7989
2585
8487
5211
9464
7964
2599
6394
3483
1993
9074
6179
1508
7882
2581
616
6027
7003
5533
501
1682
9557
8082
9749
3365
6855
8177
3543
5542
8980
1941
3840
5515
960
946
7914
591
8832
3089
5601
2007
1648
5949
9633
1579
4554
3655
9556
2185
4159
7600
6120
999
2307
7942
8727
2332
3629
4196
1317
4064
3306
3794
8028
6650
4567
8126
4457
4095
4534
5965
5985
3528
8303
1219
442
7173
2303
266
7530
5781
8160
1759
8089
1693
2069
9763
3030
338
2692
5114
8341
4985
8025
1386
5344
7960
359
5951
8024
7047
8197
2400
303
9568
6892
301
9431
8634
2247
9173
2583
3254
8462
3466
7119
2869
3587
9410
2458
6731
9926
1832
7726
7008
2206
7475
4831
6586
9745
9627
9044
2284
300
6652
7114
9675
2085
4612
510
7215
5679
7825
9498
1939
8221
6867
6728
543
4160
8774
1102
8315
9458
6931
364
1746
5336
6632
7627
7622
4528
4721
4385
8049
4689
1387
7527
7431
3164
9365
1336
5807
3446
8171
3680
713
6746
7099
3968
8607
1657
7878
5352
7385
3023
1211
7621
4516
4377
1152
2207
2176
5172
3487
1547
8644
2421
1972
9884
5293
35
7125
6671
6993
3772
7298
3206
7534
4952
7044
4077
5196
1288
8158
126
3355
119
5486
3995
3584
9390
7519
2542
3731
4744
4166
574
5490
6766
6945
7520
9131
6250
3334
3748
3901
7244
9262
5684
9553
8112
6996
79
29
6154
3143
4519
5416
7295
2817
5320
7653
6466
4274
7553
7980
816
7651
1587
3370
8200
4050
6155
8713
7489
9860
5005
6222
4131
5991
9099
838
7471
2344
5021
2358
4852
9353
7973
9081
6340
4460
1480
9566
8515
5156
5043
1780
6991
7912
5475
7966
4144
3912
4946
6106
7541
5022
2091
9798
985
405
569
8078
9891
8681
1878
1350
6882
6091
1029
5479
7067
7415
7582
5053
944
2310
6657
5433
1016
2944
294
651
1239
6005
1825
4028
699
9927
2537
4070
3299
8662
9641
8728
1039
8280
7232
4376
5181
9848
6290
8157
1418
3622
6113
2738
4373
5984
4641
8241
3354
6762
9575
7552
4006
9518
1222
9217
1490
6850
718
1066
2063
8912
7696
8733
4636
6968
8222
7512
102
2493
4712
2943
9710
444
9970
1646
2135
9328
9735
4798
549
4513
2364
7752
3873
6610
9133
1223
700
9435
5731
306
7091
3205
84
1567
354
5178
34
3858
3853
4842
7468
423
4061
655
3597
6208
9505
1670
4463
4512
2165
1355
2153
1290
1601
8603
6429
1513
6581
8202
6642
9810
737
2937
9897
7375
9759
5753
4441
4865
9772
7220
6727
2945
2686
9231
3169
3422
3475
6535
2645
8276
9480
7101
9244
4435
5300
9086
4597
5313
8363
4168
2697
413
1667
2505
609
1843
6934
526
228
2193
1931
9419
4845
6862
1072
7466
3865
1717
2621
5328
6127
2293
6602
5691
9915
5571
9162
4014
2811
8771
1571
3081
9808
4936
2587
8504
5425
5623
8095
7775
5865
3281
4563
3165
7950
9135
1603
1672
2631
4625
4591
4097
5652
6785
9084
4825
2319
5869
6403
2048
7758
4193
570
491
313
6264
2606
2810
8145
8587
1057
1043
2734
743
1035
6485
4743
7852
3058
3694
3781
890
3931
8182
8269
420
9946
8934
8568
3562
1773
3977
1399
1318
4333
9746
8895
894
3837
5732
6111
3549
6937
4364
4938
3959
3083
584
8811
4307
4076
139
9863
1627
2215
2718
1491
6251
1622
4339
3981
6710
2875
5711
7188
1099
1118
6462
9717
2910
5672
3088
9283
3738
2196
2427
9123
4443
503
8217
5876
8498
1205
2721
9006
9246
6149
4260
3623
5981
3256
4214
1958
9940
180
6133
8933
2257
7365
4837
2501
3275
3897
4904
8731
3290
2058
3311
2201
5447
186
2329
7866
5493
1838
6680
6974
130
4727
5226
6681
7454
8679
7808
8711
5665
3906
8073
5029
3391
4249
6418
6115
8530
4147
8027
8110
7106
92
4433
7498
2250
1232
3895
633
9126
8860
7442
4969
2665
3380
7642
5163
3978
6744
6636
7977
8764
5692
2985
8782
4472
6569
2203
7095
9937
3750
5463
3261
4044
129
8467
7410
3432
8830
775
880
8704
2093
2516
2418
4382
8339
5644
8239
5480
3524
2928
7688
9948
796
1195
4716
1346
1385
452
7207
7905
5318
5242
8869
1524
9573
6702
1901
5106
2723
1919
2011
9623
183
7212
2794
1781
8503
7831
10
2274
2760
110
9688
5507
1465
5629
4466
6195
1535
4571
9102
2729
6500
4367
1087
899
6962
9753
4566
7823
8526
6597
8418
7393
3944
4841
5218
2370
9719
4820
3816
9285
7050
3207
5574
9485
2638
2457
6909
8960
5350
5061
3513
5327
9790
6237
3847
3352
8699
9317
3990
9292
7347
2781
1203
5334
766
2517
4171
7845
1864
8319
7272
5229
1263
6481
6885
3173
6925
9599
262
7547
9771
1389
2498
7341
4871
2249
636
1131
5803
5445
1918
3180
1726
5324
7015
6402
4617
6319
6904
7025
966
8000
4266
9677
1783
8471
8759
1991
5109
9124
1487
3752
402
6069
6549
6970
7940
853
1861
7433
2184
1121
9834
5972
9520
2700
6589
5388
8820
9708
6271
7088
8198
9111
8360
7229
460
7959
7869
2239
210
7130
2469
2912
5276
5908
8619
3876
8473
9665
7184
6559
7867
7944
7081
8190
2632
2001
8558
3147
9502
9496
887
770
9646
9004
8987
7185
3579
276
9487
6217
8074
8591
3419
175
2563
9594
7276
2860
8546
2050
4981
3001
7872
8164
844
201
7105
5557
9933
7157
1363
9195
6221
3867
3343
7390
8037
4082
2838
881
6168
4308
765
1440
596
3521
3332
5867
6868
7177
8705
5777
8586
3464
5996
1051
2613
2055
9835
9443
6634
8426
8368
7935
4963
5664
8447
3504
2925
1739
3141
8402
8962
8409
2174
9156
4036
7187
852
2696
6147
6908
5886
2965
9767
9236
6954
7180
4059
9982
538
1297
8889
3011
9626
484
812
5733
4560
3942
8534
2234
3704
8240
9425
5258
9713
5121
1074
1311
9864
7750
6816
593
7675
6890
1472
1904
9744
992
2062
610
2801
6377
2452
95
318
5683
5384
3454
1862
5010
7645
6674
4122
3148
8163
5772
2856
8635
9698
6583
3919
4016
8131
4948
6797
8490
521
5686
5261
5143
2848
9158
3440
5907
3592
4317
6468
4378
7118
4067
5125
4484
1713
6214
691
947
1062
4407
968
8925
1146
8963
2605
2396
6528
9278
2518
7354
3798
4875
7590
6883
1233
5001
3047
3860
4788
2320
8013
682
6495
211
1436
5998
3595
2105
2548
8703
5856
9095
3353
7059
204
632
3947
1870
3573
2886
8523
1196
5768
4017
989
5945
8141
9377
4866
9220
7416
3427
4863
3918
5697
4889
9516
4687
6367
370
4396
9637
3612
9451
2298
6253
7572
9203
6105
5730
91
3784
1015
4032
9478
7877
164
9047
4766
4288
5880
3936
7819
9137
6553
3156
1053
3086
3210
9930
1281
3312
4285
6579
2042
8734
4397
6487
9998
4908
4874
5241
5915
6664
314
9398
7304
6531
5638
4581
9259
8674
9586
281
3456
6073
8156
5846
7732
9574
3067
7743
4091
3716
542
8936
3270
9887
4421
6615
7084
5721
5184
298
3375
7837
7169
9093
4415
5093
3581
6693
1397
6792
7887
4101
9132
6395
1143
1597
5904
9092
8477
2477
8499
4055
5694
7201
3869
8723
8909
3502
7739
2090
5232
8284
4608
1760
6284
6347
1644
5006
7181
2119
2451
1859
6873
9959
9644
2737
2702
715
5270
4629
4056
4570
622
2699
5372
757
4697
4885
3128
7593
7807
1120
5757
507
9192
2080
9531
6854
624
7784
5084
9901
7570
6126
3838
5162
8189
2941
3550
6778
3927
7614
693
1714
5348
2827
8844
2884
6212
3028
5501
4344
3972
3383
9242
6498
4256
9213
2562
6201
2052
2434
6094
1018
683
6790
1116
6588
6351
686
1677
9096
227
7443
4408
229
171
8509
1886
2664
3621
1954
3314
9341
6355
4386
3817
674
1922
4722
8779
7062
8020
2552
7900
3468
7583
2798
800
2252
4289
5916
2655
4409
6494
8399
5075
2083
1596
5903
445
3862
4279
1696
1499
3474
4750
9176
7444
8901
490
2047
2454
5770
9727
536
7910
500
4760
2818
3286
8575
7337
6595
3499
7404
217
5341
6875
709
3982
4901
5762
4228
4683
8327
2620
463
5927
9367
4502
7771
3459
2366
7209
7938
2475
4772
295
3117
3764
3137
3480
1176
4292
3974
3469
6635
3803
1718
9532
2066
3189
6467
2898
7708
5882
4647
795
6359
993
7030
3839
4930
857
5333
2092
3904
4222
8474
7864
6043
3193
5279
247
2315
1459
9569
612
9211
6165
6342
2024
9925
552
3107
4573
5577
4510
4343
4009
8664
6849
5978
2070
9983
906
5776
48
3776
9904
5841
1509
4071
3641
8784
4551
786
3823
8693
8899
8196
8417
7727
2108
9689
5204
1876
9562
58
2021
3516
4340
8194
6534
8231
791
9862
3893
1899
2736
4861
1473
7071
4569
5620
7588
3321
9196
5891
1435
4949
6940
1319
9854
7024
1598
3845
1303
4907
7972
489
8140
6788
4393
9754
5941
7164
7395
6291
9002
4369
6252
5303
4496
1505
6743
7424
5517
8329
4631
5227
1482
399
495
7434
2121
7052
237
6076
7670
3041
4337
6220
9721
7418
8242
2932
3138
3395
5839
7629
9618
7074
7255
2324
4410
4258
9892
1006
583
1212
5243
1340
8100
3814
6039
6806
3699
7203
1322
3167
8492
3356
7647
5707
8610
8865
4886
3639
6157
4808
4748
483
8801
4801
8306
912
2282
3127
5245
8456
4375
3956
6117
4039
4923
7829
4665
3891
8588
1802
5105
978
506
6432
3202
9510
798
6920
3044
5097
6438
6439
8364
4914
1697
2726
4085
5401
3050
4933
785
8061
1826
9087
5773
8726
8386
2278
8309
7782
9401
7849
7748
7126
4313
2171
7495
6083
590
7427
1853
3663
2262
5559
389
2906
3751
567
752
7827
5820
9171
3616
7528
9311
848
4813
9225
6445
9809
3415
7197
5830
7494
7313
1172
5547
8547
759
4359
2280
4633
6951
1971
5924
9836
5689
7741
2435
498
3952
6210
4179
2117
3204
5310
9114
7456
6866
8772
7660
3288
9995
1245
5709
1626
3282
7810
2959
1707
9224
5859
2357
6776
8665
6325
1373
7329
5878
6416
2940
6870
7767
9748
5850
1926
2168
5418
6489
5500
2425
9122
1475
6059
6275
7550
6478
1411
3831
190
4802
2084
6067
2746
1011
5285
9751
6493
7683
1325
1812
7199
6051
4858
7603
1909
8894
2922
4399
631
8569
1988
5040
6893
8837
4890
815
8257
727
9445
6279
9397
61
1543
361
5717
7297
7563
8296
7649
1488
7601
962
1656
4030
436
667
2947
2896
5483
1640
4170
2539
3882
6364
5391
4483
9354
6857
1034
8606
9799
9309
4713
1150
9536
5436
9952
1237
4223
6622
5783
8966
3583
1315
6527
4139
8746
3214
3257
5990
1896
1331
1020
7183
7676
3973
6233
3053
9612
614
6659
8391
5144
3789
8460
1678
5003
9312
7045
6884
5060
2258
529
3564
6967
5548
8377
3177
2628
7523
9024
4654
6795
8952
4635
1643
1003
304
4326
4815
6753
2076
4666
2911
2843
942
5585
1944
4994
7785
1501
5861
5637
5332
917
8826
1961
1768
8273
9422
2623
3878
8828
6804
3145
9565
4471
7511
3250
6620
3396
401
100
7371
3988
3034
6544
2921
3830
6770
9269
6516
5123
199
4790
4489
3096
5354
755
5007
568
6457
3987
6612
415
1788
9598
1052
5870
662
1663
1384
939
3327
6167
7697
6322
1061
9376
3505
7076
4565
1334
803
9276
3386
4381
3052
4594
9602
7983
8544
5863
8064
7567
8436
2576
606
892
3425
5235
1449
1638
287
1444
7999
1902
1246
9985
5676
7450
7204
9672
1113
3444
4822
6927
6383
8955
4328
7681
5189
1231
7854
7064
934
4465
6692
2068
7889
373
4786
9356
1359
3435
5745
7234
9515
3774
4431
1651
2561
5450
5099
6215
9886
9676
2770
2321
5505
4456
7753
6686
3898
1339
256
9733
2322
9462
4230
3227
9815
779
8897
2679
546
2799
3861
7250
1183
475
332
1763
5966
4153
9429
5192
450
1173
4305
1930
6153
8159
5461
6598
1796
7691
7907
4368
8431
8148
3054
6679
6297
7476
1586
2213
5896
1552
7412
6033
6060
2744
7403
1799
600
4345
1415
5187
8720
8685
1498
1733
5673
8320
5264
5417
138
9499
8696
7043
8521
2646
200
3802
1594
4503
820
647
6750
1017
9969
4482
7685
5713
1654
6388
6719
9589
8481
3418
3095
1981
5825
1858
4533
6004
6852
642
2056
7518
430
2958
7123
339
8541
9345
6540
6781
7859
6735
4584
1274
2513
4876
2200
7023
4679
8036
3899
6630
1875
9843
4290
4021
116
1565
6648
7312
7778
1032
5566
2205
7010
2656
2248
4677
3111
8531
4960
3000
7987
4207
453
6011
2154
7117
1803
6052
40
8600
8760
2984
3103
97
492
1736
5905
8046
915
9561
1818
4991
163
9605
3082
5356
533
4103
4642
2359
8295
185
6393
6035
321
5944
5357
5148
5147
9917
4024
1345
9506
1153
1612
2853
9474
9374
365
7933
4110
5700
7357
2751
7014
2130
4645
5824
4165
9958
9893
9268
2590
9722
5492
748
5661
8768
9525
8597
1820
6058
5420
3874
8044
5165
724
9540
2675
8846
4902
2414
6733
1584
3703
9324
8259
1865
2336
3441
9430
7641
4174
9041
6917
8450
4762
412
6611
3318
3211
4988
9336
6200
7426
4138
5797
5862
3248
4384
7323
9022
628
8556
4851
6765
3903
9649
889
1450
4698
5727
7316
9453
8435
6254
825
9182
136
4129
1848
5381
2029
3605
9773
7923
4839
1974
4206
5423
3591
4428
1522
9201
5079
7166
4986
901
8898
855
6683
9250
6590
8288
6095
8505
8707
5027
9902
8845
2948
4640
7382
4793
6282
7441
969
8137
3323
9823
235
7346
88
1574
1380
2416
1957
9241
7486
9782
9737
5429
7358
6350
7061
4405
9990
9359
2761
8372
7236
8709
1889
9174
3159
1175
5514
7479
6567
3929
1300
9787
672
7623
1261
7497
4658
9597
5553
8253
277
9483
3961
5814
5025
2863
3719
2442
8988
639
8185
7682
597
7428
9391
6224
2098
7077
5893
1279
9125
3309
1454
4342
8827
9885
9293
7308
8291
6483
63
7625
2565
5751
1326
4610
6121
1681
328
9127
4454
9968
4075
3908
4873
5470
809
3363
2883
3681
3515
8384
1635
5681
8115
9554
2597
5322
1224
1328
6794
7292
6718
324
3271
6176
6601
7108
3658
6724
5642
6961
6296
2453
6960
587
5816
1022
6235
4237
4892
4942
2077
9098
6836
5647
2535
9851
6827
7090
3119
7742
5139
7160
5670
172
2616
219
3486
1536
3619
8986
2935
192
1698
1955
9549
432
31
6936
2663
1695
8742
1299
2619
4990
5901
6720
4277
8235
7824
920
3238
4630
2297
5171
57
4113
2756
1470
8970
1734
8639
4046
9110
3126
2689
2377
3212
2318
761
5605
7321
971
9007
4535
5806
4162
2439
1293
8442
8614
4685
7378
5728
8153
5083
7611
1708
3398
3287
9349
9858
4807
7159
1608
2901
1010
1058
6396
8841
9494
3759
2385
5076
3493
5292
2137
1068
2693
3045
4310
7447
429
458
7996
6705
1577
3800
9742
9438
4005
941
2163
8119
4705
4242
8396
4602
2618
3879
1079
8631
8913
5935
4047
2389
4926
3217
9630
6619
4751
3729
7257
7149
5771
7818
6014
8744
2340
7480
457
6234
9394
6449
5412
6631
3439
4190
8143
2488
8227
4429
3438
7790
3377
4440
7124
53
7251
5202
4984
5725
8754
3937
3218
2141
2415
3012
7502
8532
2538
4702
3018
6046
5504
4311
6529
4424
1025
3648
7322
9945
5274
1103
9467
7931
9875
2260
9697
870
4835
7689
9261
5004
5675
5050
5588
7449
2386
2072
1036
698
3664
1685
5740
3585
3743
4639
3836
4106
3922
6574
8282
5223
4167
8346
1925
5195
6023
2683
4437
3732
2765
2819
6761
722
8959
8594
2306
6366
5685
4681
2523
8342
9881
8261
9064
7202
9372
8543
3347
1665
6695
7699
9207
7965
4299
8178
8267
4816
2275
6161
1471
1321
3087
2550
3650
5648
4350
7087
2240
7455
2902
8640
1342
5939
3198
8942
4040
6803
2354
6292
5173
8266
3709
131
5055
6373
6820
8060
6475
5798
9981
4262
1221
1937
854
2044
9495
6486
7274
876
8949
620
3328
3393
5805
8491
7262
5833
3578
1130
5376
959
7338
794
909
1983
7145
8737
4900
824
4693
2636
4208
7376
8695
5353
2075
7116
3283
7366
1724
4898
4734
819
9059
3532
6471
4178
6017
7503
1985
8751
8750
6140
8508
7634
9687
3600
2588
8272
3953
4778
8763
6216
7155
2575
2004
2914
3783
2005
1095
911
2653
5175
2351
7637
6470
7991
7632
6368
1753
299
493
2878
7745
6848
6414
3546
7863
9000
3618
2968
6061
8767
5674
9529
1888
6973
9964
6288
2634
7803
4402
1478
2560
7458
8354
5210
7679
6979
8056
7082
8550
3760
2709
2969
1816
1504
6978
4389
6509
3649
6384
5069
7073
4676
5920
5039
2797
4505
7285
6864
4111
4538
4458
6344
9651
1766
1390
2767
4213
1912
9534
3560
406
8719
3907
215
5309
5555
5563
3316
3295
9061
548
1758
3775
9167
2046
2986
1592
6526
9447
2603
4477
7672
9029
1929
4909
2166
5426
5734
2211
6081
6543
2993
9979
8124
7153
5177
5366
4383
5146
8905
1637
188
1798
86
2286
1404
146
1721
7754
776
1374
1416
5338
8480
5669
7474
3826
4149
555
1660
9321
1308
8021
8867
7941
6524
244
1356
431
2713
1823
7348
6198
5362
1795
3185
8567
3009
2372
3155
5552
2023
7265
9020
6491
8395
7221
2608
1830
6145
4221
4169
2574
1588
648
4556
1764
5592
485
5115
7820
7002
8015
9842
8356
3500
1124
2197
7437
4664
9889
9975
3417
2982
8700
814
6886
5802
6584
9108
8004
2820
9054
4194
5957
4771
5545
5817
7143
5023
1193
8308
2687
6575
2568
128
604
8824
3522
9659
4150
7374
1111
4931
4086
9332
6865
1352
7239
8086
3471
6304
8279
9291
3768
4675
7334
3191
3140
8225
6150
2888
8155
3298
4562
3278
9117
4325
1093
5590
1750
2549
120
1402
8170
7618
2183
349
3652
8501
5714
9992
167
9449
7616
3046
7113
1162
6754
6756
8352
8357
3378
7467
2256
3877
576
3075
9219
6431
4404
9051
3407
9145
6231
2602
4244
3955
5430
8524
2873
9199
983
7370
4363
5999
411
3072
1167
7162
6651
8476
3779
6603
5054
89
997
5518
4449
2299
8883
7762
8917
3071
641
4297
422
3529
3291
6801
7574
1220
7921
6608
9645
949
5473
6259
417
310
3458
2927
8469
8805
5968
5836
2967
6823
158
1835
5090
1694
1002
2473
9395
7120
5491
8369
7554
3684
1160
9413
3392
1291
7815
3620
3625
7792
5873
1841
1041
105
5690
8682
4035
6499
2374
6016
6019
1563
330
4768
1348
6298
1953
9907
143
7342
3049
3745
5369
8195
8761
6437
5360
4102
6448
7054
9323
8930
9613
2408
9140
6510
4079
9178
9661
456
3778
5340
840
5572
5940
502
3705
5760
930
8416
4971
866
4623
8079
4540
6302
5231
7254
111
8667
5581
7673
7465
479
1769
594
618
49
3540
6266
7267
9816
7635
7238
4699
5371
1114
3414
3358
1831
8629
2497
5748
4372
2015
5929
1040
6068
7174
2008
7013
98
6223
2491
5185
7432
7509
3472
7646
9152
5902
8803
7898
2894
675
6517
3624
8621
2639
3492
9153
8976
1138
5627
3397
3711
3834
5397
7500
545
1903
8439
4309
6835
4674
5448
1159
4935
4069
7893
8378
6278
6301
8840
7599
6102
5912
7707
3554
4119
8982
6599
7510
8525
8808
251
1891
3787
3517
1327
7252
8294
5244
5217
6502
7372
1250
9522
1515
7729
6299
3923
2740
4574
5558
8552
8698
5058
2388
4124
4564
272
4392
478
334
6312
8718
2373
9986
3992
3678
6037
6982
3371
2551
7289
6006
7040
8937
4353
7135
5214
3949
7032
3387
7192
4355
602
4010
1163
202
5048
7934
6400
3496
1642
7020
2926
4425
2918
3634
9527
4412
3272
1688
6321
5253
5934
1719
8390
5199
3934
5215
4671
236
2462
5155
8283
3808
9302
2750
1101
8973
8258
3617
6213
9634
3677
9129
1906
2159
82
8449
8978
2395
1448
4881
5983
2852
7788
3811
71
3628
787
114
5339
8401
8687
4605
78
1265
1710
9227
994
6082
5792
5158
6174
884
580
1262
8690
2217
9101
6763
1054
8111
6518
3110
6851
3026
8262
7122
6833
2833
1827
7129
6738
7951
3336
7224
8752
5607
2564
9254
8367
5524
3491
696
2930
5432
305
8766
6807
3708
189
3465
4267
530
59
5013
5190
1273
1950
3035
6164
1254
1283
940
5678
1496
3525
1847
8551
9301
2831
7888
9221
382
4774
1990
1885
7984
3192
833
4947
3482
9655
5551
4941
133
5472
6723
3304
6116
383
3368
1548
127
9696
8683
7684
9702
9191
2546
7430
5510
3016
6938
9243
3993
9441
7997
3122
2924
9537
7196
8340
9008
9683
2690
5275
9847
7526
2727
9883
1234
7733
8497
248
5654
4203
9508
6627
2009
6348
996
7542
7573
2784
9817
3120
5474
9608
8984
96
6872
8605
3892
9306
2316
3795
7417
6669
5822
7694
9961
1956
6533
3991
3871
2155
6242
8981
6900
7891
5038
9403
6226
7617
8175
1555
9327
4121
6712
8735
9214
4001
6928
3043
5273
5073
2480
7094
8604
2074
4546
3099
9277
539
3077
1056
8218
9607
9606
1134
9228
9290
2152
3501
8331
3810
7690
7755
3242
937
3728
8999
1932
7606
7271
1940
7802
2144
9489
5205
8651
5266
1027
2778
3727
991
280
1309
5956
4525
2804
8287
8903
8625
3804
8926
4048
6134
3932
6255
337
2688
2309
8018
6453
3346
6829
5000
4553
3599
8678
9183
3767
9639
8286
2122
3014
203
5267
8601
4888
4580
5741
802
926
9859
6020
7857
8896
7913
9322
1715
4112
5212
712
3252
1155
7189
8880
7671
2662
784
3170
5133
5993
4109
4251
6056
8371
7303
2612
134
7605
7259
645
7884
4680
5611
763
4924
6277
3390
3668
6972
7484
5487
4542
6315
7379
823
5521
9342
1177
9620
4202
5306
2601
8006
4291
3638
9614
2224
6401
2802
4869
8104
4374
3548
3366
7713
7420
1200
9488
5359
3889
3855
4270
3526
5603
3615
60
2787
3421
6390
656
5365
5017
9779
1104
66
371
8630
6637
8069
5118
5666
9845
3754
4646
5291
1464
8
9232
5117
9164
8788
1217
707
6045
3651
3935
1620
2245
2049
1243
9389
1383
1365
1968
2043
2644
2221
954
3920
5597
6441
4821
481
9370
4649
3004
1214
7270
1165
8819
9058
1514
2238
585
2545
8529
4327
351
7835
4215
1784
8536
951
6464
5526
9378
7832
8434
6834
5759
1077
8299
2748
2189
5409
8457
9433
7397
1569
5774
8300
2136
3757
2110
3251
7200
5100
4657
5248
7904
1808
6556
6458
8162
9417
4126
5380
1914
9947
3436
1302
9202
5831
3989
627
4081
2547
7998
582
8932
1354
2405
7723
4703
1668
2095
7677
1469
8495
6946
6511
331
222
6230
7496
4391
2433
1986
5764
8271
3232
905
9380
2182
5877
1761
8574
4717
3910
2915
7562
4011
4517
9295
5271
3091
6808
4008
6741
6667
454
8290
4189
5256
6734
1088
8237
935
5570
333
9154
4621
3945
6783
3245
4826
5550
8743
1398
6370
9725
1115
7571
5932
8388
3079
342
3289
9240
4180
4462
1149
2328
4586
152
1969
9932
8067
2975
885
5314
2103
5701
9951
5140
8701
3693
1840
3896
1467
5315
9358
8002
3870
9045
1851
1047
9994
1782
2424
2795
9609
8247
4547
8096
315
3433
4388
6041
2598
1568
1738
9049
6546
8906
223
7110
4849
5704
3676
3894
9415
9076
2478
8034
806
7584
2764
5982
5385
9267
1445
9226
8836
8847
3863
9846
2140
8821
9161
3872
4243
4590
4618
3031
9168
8238
7247
8814
5019
1329
7768
6326
9204
6246
4993
1855
3104
6324
1664
9036
8561
7557
1127
4965
1240
9500
2104
2126
1190
2682
4105
5604
9434
3234
1282
5233
5591
3442
7990
1156
9468
5268
8560
4686
8856
5640
5458
6672
8850
702
8318
3135
5758
3229
2057
33
3136
5579
7678
8105
9632
6843
3310
519
2557
1607
2003
7332
4506
4922
4218
8725
344
7253
4724
3293
6957
7138
5375
9320
4451
4688
1110
8478
908
9346
7339
8393
274
723
8246
4073
2528
42
9681
7602
9454
9667
8116
9796
410
1507
346
6080
2114
6607
1437
8996
3828
767
9402
1502
2073
3939
671
6391
4967
6988
7566
7219
1255
3533
9941
2145
5297
8983
4972
8048
2036
193
1566
3614
8971
9726
5641
8270
7631
2942
5078
8007
1412
1272
5367
4155
7744
8716
3941
7470
5980
1071
1294
4940
7892
7692
9490
6199
7359
2195
3805
6132
2870
1511
8618
4395
7384
821
3718
6369
1135
447
6758
6772
7560
9792
28
6950
7952
3530
8706
6638
4783
9148
1341
6055
1447
9973
1821
5779
4850
9918
8058
5485
1367
4541
8557
6385
8165
845
9923
6048
1242
9542
9775
2034
3033
4426
9519
2304
7540
2270
3819
9776
2892
2489
1649
3144
1338
4638
8103
5977
8132
8641
732
7862
8446
2705
8684
2447
6136
1894
4661
6943
9939
2615
1762
2079
5568
6764
2302
99
9873
6726
9186
2885
9856
343
9908
976
7620
1976
2485
8838
8732
6333
1967
5794
5193
5549
5832
6270
3040
1872
9839
6545
2715
9155
1069
4226
9279
3825
7901
7089
1314
5687
9560
8573
7873
5108
3132
32
6356
4023
1189
9180
5926
3280
5282
6647
1218
3410
1400
1364
9938
7516
4653
7508
7230
6307
3467
7137
1001
1063
474
2743
900
4060
7411
2821
9838
9791
6472
5410
112
2524
5419
2558
1576
426
9363
8236
7954
9411
1060
2569
5888
8052
6975
5011
8087
285
3518
8454
9971
1170
7985
5364
751
3197
8797
7666
5782
8092
7967
8071
8929
6295
680
3570
4387
9761
9062
8301
7492
3497
928
9112
6422
2837
1880
2577
3008
6420
122
2627
9016
3643
8792
1046
9801
3712
6706
147
6688
1613
9924
1893
9373
279
388
8622
3632
4051
601
7536
5378
1775
267
805
4753
8424
9018
2331
5761
7915
1369
4107
9774
9420
24
9382
2791
3066
5456
4796
8107
6360
6463
3240
4763
658
4628
5854
1797
2553
3689
2468
6440
8429
1691
4733
7273
8425
774
4781
394
2102
9400
5255
5595
7307
2128
6678
2988
4434
2503
5134
7327
2037
1700
3239
6605
6757
8205
7979
3369
4480
5719
8465
717
2127
7992
9656
284
3512
5576
8535
874
8818
9141
4487
5174
2899
1554
7805
1280
9272
5795
9366
76
4298
956
4814
3659
4870
7841
4561
4757
7195
8702
7659
8608
5368
3567
9869
9987
2586
8347
3455
2807
5395
7053
3025
4844
357
861
6093
1204
9169
1301
1684
4514
4678
3247
2132
3430
3983
882
5864
9934
1702
1625
5386
1817
1701
8697
7598
9019
8408
109
7057
9229
3552
6063
140
3665
4212
1408
4306
2484
3832
8676
3535
5345
5969
4000
4847
7344
350
9399
7248
7657
322
1067
1819
8042
660
4087
2397
1540
6939
8807
9896
2971
1344
20
8322
8440
2594
461
1500
3806
3986
6172
9878
9408
5077
4732
7300
5937
8537
4730
8463
8256
4133
6618
8659
308
7546
3799
7368
3686
6793
6802
4857
2123
3723
6878
4276
8645
8969
160
449
5183
634
7355
2142
8077
372
5052
4341
659
169
2129
6504
7381
640
1310
8181
2292
396
5331
773
4360
5829
1965
5467
9501
4523
8324
5616
2893
8638
7258
4690
1109
7717
9552
9379
7929
4894
9461
5565
1748
849
2780
9669
7223
6942
3374
4913
7927
2450
4092
5398
3672
1523
3216
9822
8686
6840
8459
2241
789
9260
3785
4004
4682
1198
8383
6789
8548
8816
8908
1923
9976
9348
6186
3285
1730
220
3547
3985
3124
1144
4216
4583
6135
4644
2133
3219
8928
637
5301
829
8712
9929
4324
4025
8564
877
5743
9690
8939
6767
8245
4184
4840
103
4715
9304
2858
8708
374
5302
1455
8863
7906
7237
7885
9
5138
3542
1913
2923
556
4117
8147
8650
611
7027
6508
7063
8351
7925
2204
7548
1790
8281
9493
7328
8994
255
150
1119
7587
9281
8527
7559
7402
5446
9116
4334
7233
8864
2877
898
173
7072
7291
7191
4143
9118
4495
8582
8376
1184
3921
9853
6990
1989
7362
8533
5281
1396
7543
9953
16
7139
6182
9151
9828
1787
8961
5919
271
9428
1897
7839
8214
967
560
8739
9682
4210
918
6889
1123
5201
1572
6673
4280
5403
5135
2677
3998
2519
527
1259
7826
3485
9876
4427
5421
2703
2880
6538
1076
1166
9088
2099
6085
1194
7746
3695
9460
7141
4096
1316
5659
5858
4995
1529
5307
6148
6476
8964
9827
1085
4632
1727
4761
4182
3279
5102
8758
850
7235
1421
8593
1987
8878
4650
5284
5287
6021
3656
2349
5444
9089
4794
1828
2242
2660
9963
4929
6609
7314
4545
9275
7561
1599
4989
9509
8859
7131
1090
6028
847
9407
1275
9313
2466
3263
9357
224
9042
685
6000
4709
8312
9068
7001
5247
2139
902
871
2208
3243
9784
2907
8810
6077
9143
6555
869
9115
3320
9673
6513
7607
3604
9720
1251
5283
13
1252
379
5370
6209
2279
2957
4668
5305
1737
9911
6361
5495
252
5663
6874
6092
2051
9335
2630
5522
6411
9956
5208
1362
2556
4335
8483
4660
6114
2514
8927
6640
5586
9922
7836
1081
3818
4509
2325
2637
7947
7179
7638
5503
2038
4944
6668
5411
6482
9034
1185
9338
2966
4878
867
1094
1462
2571
9972
5946
4827
2573
425
7290
8839
2243
7667
8843
181
9707
4248
7698
5582
9300
7636
3059
6123
8404
8637
3118
3506
6676
2371
6711
5408
6845
9023
437
4810
6675
8444
3007
9712
2172
6399
4394
8494
3569
8166
5440
2980
6228
6434
5812
8081
51
5695
4720
1484
7477
7994
5122
692
46
694
7491
9427
4436
7245
7472
4469
6330
5619
3890
7787
5849
6822
3690
7730
5443
1516
6305
8289
67
6700
8950
6958
8248
3790
7172
124
8992
2554
1927
2717
7121
4843
1813
7945
5906
2658
7068
7158
7360
3737
635
1451
1004
4238
4020
7609
8070
7317
531
3744
5506
4459
4452
2181
8332
464
6558
2529
225
1740
4448
9807
7715
6473
2088
508
4548
3013
2786
5347
205
1023
6566
3130
8511
3856
8615
3885
7592
4974
7851
7128
6320
2719
2900
6813
5330
3824
2617
6658
731
7098
8671
6709
9850
4371
6847
2753
1595
6977
6777
5887
9475
2264
895
4398
5166
9296
3627
3511
5630
9812
5723
7065
4530
1229
8334
733
7134
3675
5399
7974
9797
7686
5239
2754
2533
2459
8598
4478
2909
1375
3443
2194
157
27
1269
5975
5119
617
1747
7388
4245
3428
7269
428
2338
2527
5045
6623
808
1624
7955
3069
925
6665
2254
1996
2614
6007
1084
9789
862
2752
4026
5346
661
6841
5286
8144
7953
6446
3108
3766
2512
8394
3807
5047
9909
8468
5342
7626
8616
5206
1140
8612
8072
1585
2287
355
9906
8062
1493
828
3630
3351
1289
1772
1298
6225
6425
8130
2584
3313
8989
2276
6629
6932
4200
9625
9596
2214
3771
4422
2294
480
2259
9545
2402
5960
745
562
7719
1591
6725
3408
2265
6144
8093
2273
3274
5883
9559
9580
4789
8549
7325
1361
1286
8251
9160
104
7756
4587
8775
6949
3741
6261
2666
1945
1786
496
2622
5613
1593
3698
4090
7880
3484
4916
3842
7794
1777
3721
5874
790
7814
3162
6739
1709
6488
2406
7055
4515
482
1306
2094
7069
9795
5428
9436
3734
2420
9507
2541
3322
8825
3967
5508
3244
7279
4132
8951
3182
292
535
4066
6912
6580
3667
3200
9521
6142
2580
858
487
6169
663
64
5130
9739
6191
9921
8041
358
9585
7151
5931
5062
5989
7734
1742
9457
1381
8915
6336
6188
4287
9097
9026
2771
5527
2625
9456
1264
2859
8910
5742
2031
1551
5169
4062
1544
68
4559
4219
7568
6030
7214
7585
2904
8935
162
6506
7387
8102
5693
7911
4294
9071
586
6846
4045
5405
2474
1942
1809
9025
177
4115
6717
8857
2651
619
4446
4300
2471
910
1936
5564
7331
6354
3926
159
6128
6592
6492
5706
927
37
5167
1881
6562
4197
6408
4390
4003
8924
2472
630
8191
5546
6828
9159
4887
8829
3344
8914
240
4034
1689
6923
2674
5080
3006
154
1659
2288
6110
665
4236
2882
2365
7058
3739
5489
9582
3933
8542
7241
9298
9237
8019
7396
3490
9786
9040
4012
2179
1633
5068
7772
6426
799
6628
4998
9442
5788
4254
3857
1307
409
6641
9692
8415
4099
6352
7909
2362
7781
7213
3051
6257
5578
6800
4903
1860
4779
2053
3726
440
6985
4956
5889
7777
5312
9060
9284
4934
3979
4921
8539
5213
7701
7759
2483
621
4749
6663
7386
5439
2398
4072
3220
1537
3362
6593
9942
6435
1898
1247
9329
4492
5918
6122
1556
3696
8565
9308
4240
2610
6436
6714
8389
377
5631
9841
9732
903
8715
7306
1075
6421
3400
7883
9870
8798
626
3631
9783
509
3725
2733
2061
5992
3928
6976
439
5890
1107
3062
6965
2191
1842
4954
5026
6522
540
8656
599
8514
30
4834
8461
50
4884
4080
1836
311
2202
7453
6088
7714
8789
8822
7812
43
3150
341
5288
4999
8381
486
316
4445
8260
1829
2375
8672
3308
353
5528
3797
5373
5107
8516
4127
5964
6799
8985
4246
9165
5847
2589
3357
7763
9781
3813
3319
2100
6994
3276
523
392
3449
5203
9514
4275
4128
5895
9484
3068
1446
4161
9003
2394
7452
4033
3996
3037
8075
2525
206
2115
9616
7770
1745
9387
6505
2872
703
4357
3782
9615
3017
3608
1634
6219
2281
7287
2246
5763
2334
2112
5535
4595
1606
148
846
2263
8485
8414
1720
6018
5142
1244
5769
7263
9601
9362
9600
8757
7035
9756
4239
470
8948
494
8714
4745
9470
5454
434
9106
4765
6918
3376
8293
8673
5317
9916
5667
5587
5953
3056
1559
263
7834
653
7041
1854
3273
2500
3146
4558
2995
7394
1805
6512
2360
5959
9347
4352
1503
6677
2891
5161
462
2313
1834
4527
6523
7096
7795
8642
8652
7604
788
1312
1917
9734
14
4572
1729
7320
3209
4805
1207
9177
9072
9766
8488
74
7946
1994
3064
8853
6047
5958
9895
1323
9643
393
1779
728
499
2464
7021
1839
1661
87
3577
1055
9209
6860
2025
7982
2776
2509
7205
6837
5569
4444
7524
7881
9305
1583
4304
80
8653
2508
689
2019
3457
7436
5868
8328
7956
6660
9590
1754
5790
801
4920
3098
4321
9914
9010
9297
3423
6258
3225
118
9867
8193
8438
6653
3394
603
9555
1168
1191
6289
9100
3015
260
2479
184
9572
4255
4958
1604
7838
7908
3610
6830
5074
7544
563
1690
4872
5103
5137
6616
1920
1964
8335
5677
554
8133
8617
7019
7535
5319
933
9813
3326
5262
9740
327
1026
1008
1519
666
1171
5494
541
5132
4957
2209
5254
8891
2470
381
1506
2356
1521
4684
9640
9962
1895
4531
7539
2096
5509
6643
6906
1948
5580
9385
5866
1287
8305
1837
6207
8040
8571
872
4224
2065
2343
1007
93
3266
8085
8362
6066
688
5519
9621
1792
3267
9765
1590
9375
7007
3260
3331
2445
1097
2157
9198
6450
9778
9318
7504
695
187
8154
7154
9388
8677
5789
6262
9369
3946
6497
739
7186
3777
8576
1441
1731
7918
6496
9684
6044
7948
6774
5096
5160
9274
8413
5112
511
5337
5024
1456
3948
2854
6748
9482
1868
56
400
75
8482
2300
8944
6573
8745
8234
6415
3019
681
5662
6568
5031
9747
9730
2635
6564
3262
1313
5471
6107
1477
1575
2684
3769
3740
6229
6125
2486
3514
5081
6654
613
9255
7774
3753
8003
5621
1774
5466
2355
1285
9622
4723
6419
4643
1142
6300
3958
6159
9624
9316
2387
8946
1770
2237
4499
1021
907
9048
55
6947
6334
4302
7419
2745
5879
6345
3123
1188
9804
4156
5513
8484
7663
5207
1581
5778
3473
9215
4911
325
2572
8392
4497
2741
4670
3884
3223
9539
1392
2494
2946
179
9966
2707
9465
2871
6730
1395
1038
7578
8464
4891
7624
4568
8620
2187
448
7580
7579
3553
7482
340
7086
9286
9409
1520
4711
9999
1716
6479
2014
278
3409
6551
6565
7085
6412
8365
2268
9063
8208
7969
4286
4078
2796
875
1605
4739
6689
8545
8877
1807
2327
144
5988
9491
7703
1372
4204
6443
5599
938
2834
302
558
4787
8313
4450
1562
6293
4596
4473
6964
6362
649
387
8410
9371
9163
5249
5046
914
1108
6666
9197
2555
2226
3854
565
4950
9824
2987
4089
2482
8522
5656
916
8224
3307
1230
8791
8609
243
6112
261
7861
8146
3188
7738
2146
386
8323
1973
5622
4322
1442
1357
736
1430
5222
5815
4532
7612
9635
178
2225
6202
5881
9078
1647
5269
3152
1705
6697
6444
5402
5809
8648
8127
378
9193
8032
3301
4524
2890
505
9660
1658
2739
4756
2244
2809
6897
677
9820
5481
8627
8448
5942
9832
5462
9785
9768
4836
9564
4673
4738
5311
2730
4853
5784
2917
1999
9170
2661
1413
4775
3571
4526
5237
8083
6249
7613
1433
4758
8510
2857
8226
6465
2379
2604
1256
6285
571
7693
679
3555
5349
4002
4667
4074
2423
7142
3038
9738
7216
7163
1479
1525
9629
9166
472
9706
4319
6606
1429
9439
6751
8938
1616
5735
7639
5459
1722
9984
9840
9082
4065
4114
1884
5530
1192
5715
2851
3724
2534
4269
9865
504
6981
1125
6986
7821
3181
5295
8931
9383
6560
3129
2188
125
4041
8493
8886
6899
7104
2492
4108
664
1728
9657
5238
241
4607
3073
4498
6119
4719
9175
4614
2271
2162
4970
2701
6031
5928
8441
697
2232
9028
2235
8090
988
3833
3294
1822
6907
291
721
2341
9080
7425
2369
2951
7796
1141
6057
2449
6826
9770
7595
2220
2335
4058
9913
9463
5544
5594
842
6515
5602
1528
5051
3523
5042
5094
1530
7240
7798
8596
6460
4430
8741
9750
3586
9120
5986
2607
6339
3765
2522
8654
2657
7551
2530
1538
4912
2109
5598
9757
2391
705
9919
4068
8361
2822
3653
7700
3917
435
8646
4172
7789
2198
4173
4613
9570
2290
4740
5660
270
9829
4604
1900
5438
1277
4961
9989
6952
5651
135
8833
7175
8570
1031
7766
9680
4883
7281
1014
2823
19
8519
6955
4695
581
4651
7971
749
2790
9821
3213
8922
879
1199
3002
1686
9758
85
4692
5963
704
7481
5712
197
9421
5304
2755
4401
4259
1539
7668
4752
1042
9014
207
9685
286
851
5464
8756
7765
2543
3866
9695
4370
2759
4278
44
4987
17
7146
1602
264
4191
2167
2170
5498
3154
768
1407
4593
3194
8452
1518
3971
6024
5606
7435
7968
3792
3269
4455
2950
3055
6787
1934
1801
4413
5525
3844
2438
8957
1241
1410
7144
6341
7018
471
5827
7451
4188
3606
1335
669
9355
3063
1645
5427
1258
7350
7764
4361
6357
2826
6029
2218
5149
2277
4855
8785
6930
2566
822
3236
6591
5785
2724
6413
9617
7801
5008
4508
3429
6129
5442
4696
3228
9636
1526
5705
1208
446
7309
9591
729
4662
4439
6662
1610
5002
2640
8520
6103
710
5396
1092
1846
3735
7006
2134
8385
9381
8128
6314
2825
9988
8121
2779
2064
4217
5643
9239
1946
1534
1417
8180
6921
8099
7725
2979
9351
2467
3048
1353
1260
6585
4868
2380
5523
6699
6405
5855
9190
5921
5127
9955
9091
5562
3420
6832
2283
1636
1213
3829
9368
2417
6891
919
7461
3780
1174
94
2261
1867
810
8624
5036
2407
6916
258
9551
363
2035
6294
8916
3636
3112
7669
8316
9872
7916
6192
5089
3153
9513
336
5186
5657
4928
4550
3915
6818
3184
9703
8873
1096
6691
1406
8255
5756
1680
2151
2704
3305
9650
5263
473
2867
1916
1619
2317
3713
8026
8643
7532
719
4905
1481
273
9404
7111
3489
7277
6649
8326
2695
2742
5967
2673
3297
2762
6814
8888
2059
5194
1012
6805
5746
1911
8770
7615
4824
9587
963
9273
9530
8809
2496
8778
320
1443
559
265
2381
5086
8310
488
8422
945
3372
1065
6715
7894
6104
3179
9310
886
7860
3253
4829
3222
4175
923
8430
6740
9993
4955
3292
7545
8979
4725
3115
7136
3199
4737
1962
7211
8068
714
9437
1267
367
9943
2499
1292
8475
8084
8940
4589
9194
8562
4351
8338
6417
4116
9319
8632
3231
9038
8059
242
6338
8581
557
7493
7773
1611
362
4543
9361
5974
9960
4588
3572
4877
8781
1943
6040
8330
6888
1201
9654
5110
6747
9333
716
5930
9205
8861
8008
5379
4983
598
1403
4187
2060
1545
8611
3106
2431
3160
397
6124
7920
9535
9965
6780
837
5308
424
4181
5441
7000
1553
5044
6896
2231
835
2429
2649
1434
7856
4423
1497
3384
1139
8423
8800
6096
9729
6181
2101
335
1629
6563
3381
6587
4811
5
5838
1959
6953
6397
4615
8804
5720
1908
3565
3258
4467
7280
4265
711
3859
9073
9052
3208
4282
2881
1227
2
7844
7333
5220
6844
860
2895
4476
1089
3603
3717
7093
4746
5182
5995
5567
6034
4529
8278
6158
3582
9334
6784
6771
6423
2106
115
7728
6894
8470
404
8053
2028
1080
6002
7619
8875
8017
744
769
4637
165
7351
2994
6898
8729
407
9874
2441
4054
1271
9294
7092
8747
7661
226
7564
3453
7949
9931
9762
5095
3175
2578
4470
6773
3507
9668
8920
4146
1424
4474
8947
6547
3163
4088
2411
8998
3350
8455
6987
3756
4263
7919
6721
8918
5057
4577
5668
4601
7193
3635
1947
6287
5800
551
9184
9711
3881
3324
9249
7373
3841
975
4669
7961
5063
1137
5826
3403
644
2999
7226
5766
5747
8263
2777
3241
8229
1100
6428
4976
8657
153
1679
9877
1394
2020
3195
4729
209
4576
7161
52
3426
5296
746
532
6594
883
6387
7793
6308
3020
5225
6050
3875
2832
5469
7853
4769
5260
5451
5821
8765
9343
5536
3479
1019
6313
3434
7720
1129
3303
742
1377
676
4701
4945
8108
5294
6729
517
4229
6374
269
4507
5823
6887
2266
4557
2991
7293
980
2992
8796
7975
5431
1409
9085
1181
4917
6687
6074
4773
8445
2410
897
3692
1423
1005
8118
6247
9479
5722
7936
8790
3158
6824
5538
3235
9486
9384
2222
1073
1182
4795
4418
3793
1360
151
7367
2842
1963
6995
3702
1949
9658
231
7198
7413
5382
4823
5710
8680
2652
1249
7256
2444
8344
8359
1582
8233
7127
2210
9805
7830
4417
7326
1486
7537
3431
1439
8748
4013
8161
5152
984
8230
9819
5600
3448
896
5755
5209
783
5575
9533
9009
6038
9714
2346
8817
7011
441
7227
1992
7407
4819
2773
8923
516
7343
1541
7392
7871
9037
1151
7655
4706
6372
973
6190
2812
4130
9512
4303
8675
1609
8902
3706
7176
6644
6185
9814
293
6036
9448
5537
3697
2954
8943
4791
7737
4029
7870
8518
9866
8206
5321
1332
5511
2931
1756
6941
4494
8088
3682
7896
7029
356
2054
6386
5437
3509
1791
9481
8275
7779
8123
6245
6256
981
7924
1091
9528
2861
2002
2629
2772
2978
6309
2419
2841
5009
7078
1982
6474
8380
8151
9996
4414
3868
6130
7533
5923
5718
2749
7440
3029
970
7939
5948
3671
7783
6328
245
5035
8355
7097
2367
3005
47
9136
3551
5950
4125
7208
9248
5141
4939
8866
8220
375
2973
6817
7680
416
8589
5455
8967
9043
955
3176
868
6880
2097
4186
4379
1699
2460
5041
3749
6614
3460
1725
893
3544
3412
6922
9466
3701
9077
3339
6514
3688
913
3057
3557
7716
1295
2230
3815
3975
6905
2089
1086
4714
2223
7705
1461
974
3065
8502
7060
1215
2111
7963
6240
4094
8823
6137
2412
6183
5543
2190
1844
5020
595
1666
9852
390
398
9871
2805
756
4177
1158
2376
4518
2641
670
7217
6276
607
1618
2510
2383
9523
5460
4846
7112
6924
5088
6311
7178
41
9830
9578
433
4284
3758
7046
5259
9678
9723
1735
1723
9027
3820
9256
9868
4316
1600
4273
4148
9694
3367
834
3221
9899
5070
3980
5484
2609
5828
6537
249
2199
4400
1741
4652
6008
1197
5626
3700
6189
7400
2582
6206
1743
7903
5636
5435
2465
9588
8039
8080
6980
2295
8167
3674
5649
3755
1765
90
957
9760
4767
6621
7422
3886
73
5749
3168
7558
4691
1879
4925
2757
4599
2998
289
4803
3994
2160
2314
8277
7886
5326
7565
170
1532
6265
9671
2708
6456
793
6548
1105
384
9595
673
1866
4770
1330
5477
6812
4707
8009
8187
5947
5917
6745
5168
1757
5804
5289
6236
1117
5682
6903
8387
8216
9472
3340
7107
9392
5476
7261
2763
5236
8033
9075
9477
8249
8688
5131
3476
1564
2267
9752
2808
9610
5534
5556
4019
3960
8579
2368
8628
8066
2803
5424
9444
8302
9326
4271
5361
9432
782
6138
1268
7305
5933
1414
5765
6343
6100
4655
771
1966
7577
7650
7922
8184
7009
4468
8201
3109
6542
9138
3715
4052
2712
8348
9130
427
2839
9426
5246
832
9234
3268
1852
9492
3809
3848
3852
4943
2138
6160
8849
1466
8010
6049
8120
3640
3864
3519
5113
9504
2461
1542
9476
9032
8022
4442
6070
2913
6187
8806
5406
8974
9287
9218
8892
7514
4817
1452
6501
7242
6736
708
3070
3142
1995
3094
9001
588
6915
3151
3284
2521
6238
3661
2022
3763
4301
5016
5422
2353
155
360
9826
5465
8507
9861
5176
4354
4152
2026
1358
7460
4704
7152
1370
7352
5049
1683
3133
9664
6310
522
5145
3364
7828
3190
5898
3452
4982
3495
6196
6624
9652
2311
8881
8578
3520
2125
145
5358
4195
5082
758
5818
2116
3498
3916
5343
7576
982
9663
888
8149
8636
7816
2027
4520
7140
3361
3411
7800
6831
6655
7926
7102
5780
9670
9653
9418
7597
9849
8500
4336
4104
6346
3021
3654
7761
9230
9103
3259
4619
108
6929
2006
8292
726
4726
1977
5938
760
706
3317
8692
4966
3157
5612
7022
9912
1655
2536
2667
2078
6248
7749
9055
8538
6998
8666
2150
1778
6010
7643
8407
6782
2352
7401
3609
1650
5065
7850
4962
2432
6983
3969
4163
6838
1617
8212
5584
8297
2977
4464
2879
1324
1615
5240
2413
5150
2081
6760
6
5251
414
4537
856
6825
5541
9031
234
259
5961
2668
6656
8304
5871
1887
2595
4897
5164
6101
3085
2806
7168
4501
9662
1560
2393
8285
5696
9121
4910
4141
7978
3445
6065
5512
8403
7569
9648
6871
7133
5976
5913
6089
9857
1033
3379
4145
8506
8466
5936
366
8990
4031
7028
3537
6684
8870
3963
7976
7521
3722
5111
2816
2216
6613
1045
15
3359
9803
6670
7718
3531
9067
3598
2964
6013
9021
792
9414
4272
9700
9855
8486
9364
2670
403
5894
9257
2976
8554
958
4419
218
4979
3032
9314
9017
1349
3183
6454
8879
6269
8658
9069
2876
1669
1037
3447
4828
9693
8232
2766
4780
572
6459
7349
8045
9905
891
1495
2526
5257
1614
2013
5589
4250
7513
2648
1980
7335
3416
6097
4504
7464
3822
9288
4867
2426
176
8496
735
7399
5561
6156
3230
750
7377
1952
8097
4192
9360
1810
2148
7150
6363
623
8433
385
6926
2437
1186
8977
4521
7662
4784
8094
238
5018
5617
3796
5355
4493
1425
1951
6015
4348
2845
7791
3575
8350
8437
4447
6775
1489
6769
2463
1106
3036
5994
5056
2520
9949
1078
1427
1712
8325
8874
3657
515
8057
2685
4937
4049
2650
3196
5811
6749
9056
1558
4252
1755
2330
7811
1458
7515
2041
5516
5126
8453
7206
7581
2326
4257
2989
2815
9705
1161
4997
4118
5280
8150
7038
8274
6935
4978
7469
9147
1320
9119
2830
2212
4511
4731
5819
2642
4135
6184
5767
1371
3237
9837
4854
2107
4318
9090
4975
4268
2169
3541
2285
137
9134
4919
5299
6633
9910
9416
4882
5724
8001
7194
9208
6571
5922
5560
7490
7231
780
817
7899
3670
8663
9882
9012
5529
3611
1098
2192
827
753
4365
2515
638
8314
1485
5954
161
2502
2227
4833
6427
5699
4475
9053
5400
5290
7517
4856
4007
2785
9541
5154
4747
2970
561
257
6626
1379
4782
3905
1785
6997
4225
6378
3061
3233
2131
6323
6971
5851
8831
7501
3348
4694
1463
8660
7408
2722
3545
4140
309
1382
2847
740
4906
2255
2874
8215
5716
3679
7319
7806
4864
6661
6281
2305
7555
9898
6026
8710
6984
1749
1580
2456
9967
6570
3470
8139
4755
6303
6596
5066
2960
8595
781
7549
5808
4656
6358
6327
81
6484
9543
9280
6451
4626
5834
5092
4380
9344
2731
3300
5979
9289
8882
9800
6316
5857
1226
4603
1662
5658
6409
8599
4220
4241
3950
9251
7017
3538
3172
5911
5404
6173
3770
6197
5272
4838
2476
3574
5739
2504
575
7445
3911
8375
6099
8852
6211
6969
69
455
2120
578
22
4980
8411
7780
9619
348
4880
9459
8012
6306
1179
1419
8655
8106
8138
6550
534
7361
8919
1210
3329
6108
6146
3187
5034
2487
9806
7042
3090
7986
4134
7478
7083
9005
8152
5392
497
987
7875
4624
8954
4879
5610
863
239
4485
1789
5680
6704
3139
6335
1960
9642
4120
1928
4927
2868
8555
9146
3613
1253
2567
5363
9788
7302
6902
2323
5468
8583
5037
174
7182
8812
7702
7644
4627
1304
2147
4136
8872
3161
2747
4366
6263
2592
5899
5015
524
2446
8091
7423
8991
1157
1549
6600
4205
196
6716
9579
9142
5499
6109
9253
7706
3902
1845
2916
7847
3100
9210
8854
7740
7848
1145
1235
2156
2308
4776
3558
5624
3345
4830
3761
7012
6895
1284
1623
6098
297
5497
6381
9066
668
5596
6703
6578
6382
1533
1378
5625
4231
3951
690
2348
9997
8199
4247
952
964
6554
6604
3588
7735
841
7288
5228
5952
2124
6141
7865
8786
3534
2792
7538
5277
9083
6283
2018
754
6071
797
6881
7429
3178
5335
1236
3887
6053
4964
3938
6989
3389
7398
8030
352
6525
6404
214
1082
3186
6877
10000
6821
5453
282
8186
9546
3966
9825
2793
8043
7633
4063
6455
3914
1126
4579
1578
3788
1561
8373
8602
6009
7049
873
9452
7485
2428
9567
1793
9718
9235
7876
2865
9604
7711
5835
4951
9563
1476
6166
592
8649
5197
2071
2039
3226
8192
6869
5030
6742
6519
5234
9200
4037
7747
701
6239
8179
8176
9216
5632
6317
8975
4332
7167
2164
3042
7813
5540
6022
7658
8203
5502
5848
7674
9303
8855
9950
5973
6469
2889
5390
605
6032
45
1824
2963
9337
3092
5909
3510
7709
5085
5219
3010
1639
7282
725
4057
8953
8114
1347
9978
2443
8117
6933
5128
3645
9894
6087
730
4093
2908
7529
9544
5750
839
5885
3494
4084
4710
5634
8799
9331
3827
1343
6337
3171
7970
8722
113
1216
5786
1305
4083
9325
2938
9844
296
83
4672
579
6392
4799
7995
5153
9412
8572
514
2378
3302
4358
9611
5837
7902
1178
5407
9187
